Fmax = 1000
krokcalk = 0.05
g = 9.8135
tar = 0.02
masawoz = 10
masawah = 20
drw = 20
1  0.5235987755982988  0.0  0.0  0.0  -487.1794871794872
1  0.525970076898716  0.09478436955953495  -0.04768057418165609  -1.9056684251862699  -333.33333333333326
1  0.5325147304686619  0.16660062370778217  -0.17759531840336143  -3.2823865639735734  -333.33333333333326
1  0.5426252329167814  0.23715047949190532  -0.3758191540019312  -4.632326945651663  -128.20512820512818
1  0.5555090849790363  0.27779803828497235  -0.6240092737606984  -5.285251412402604  -128.20512820512818
1  0.5704040787124856  0.3175340791275146  -0.9043183982557388  -5.915440905238266  -128.20512820512818
1  0.5872616224989226  0.3562432857394639  -1.2155288831261244  -6.519733269860724  179.48717948717945
1  0.605035781466084  0.3551986207362309  -1.5324393612978422  -6.1616159176814405  846.1538461538462
1  0.620700290233789  0.2739627878035502  -1.781084948545626  -3.8281930134468936  -743.5897435897436
1  0.6372385614644102  0.3855173614488714  -2.033552713545212  -6.228571270019682  -230.76923076923072
1  0.6577297194170434  0.4331817303831451  -2.3661431872358936  -7.052688742669279  -641.025641025641
1  0.6817166845999734  0.5237425181419352  -2.768134602907766  -8.973314279345018  897.4358974358975
1  0.7059350015171951  0.4485738887954529  -3.156138146430351  -6.607387533031556  179.48717948717945
1  0.7284131265980702  0.45099833268355  -3.4773514268900976  -6.243921657098017  641.0256410256411
1  0.7498932058607046  0.41014553900987305  -3.7499337130301558  -4.690142321182988  641.0256410256411
1  0.769421856997893  0.37266861989895933  -3.9462700098243433  -3.1894735318994227  -1000.0
1  0.7908986074408539  0.4836103689143408  -4.173030365929649  -5.822572985568331  589.7435897435898
1  0.814295160376899  0.45392707013141265  -4.4294617217520775  -4.459664006623158  589.7435897435898
1  0.8362872062439716  0.4272338152734256  -4.618927141217604  -3.140559959571349  -1000.0
1  0.8601837471390683  0.5258584473391299  -4.838014858096047  -5.563917568309121  897.4358974358975
1  0.8852638795864787  0.4798400053609311  -5.064773892910723  -3.5454607109761285  1000.0
1  0.9079754910256822  0.4310173946702571  -5.186600355438764  -1.3651971518466306  1000.0
1  0.92835774941128  0.3863011462340734  -5.201164377126842  0.7513217221513435  1000.0
1  0.9465990327117537  0.3450763347808825  -5.1113626042588995  2.8145782195349764  794.8717948717949
1  0.9631832279191449  0.3194333368339859  -4.930686624175208  4.39661505623055  -948.7179487179487
1  0.9811891284322877  0.39923580455371516  -4.764476045664728  2.2862721029312594  -282.051282051282
1  1.0021273636553865  0.4376394474036125  -4.666946615943825  1.6335177341032145  -282.051282051282
1  1.024952547579859  0.47469734208528147  -4.601106090791705  1.0197805655388938  743.5897435897436
1  1.0482445426212474  0.4582737974941951  -4.512859115701667  2.495056830914482  538.4615384615386
1  1.0710334907269117  0.4541079553780169  -4.361807969493671  3.5404138637860703  538.4615384615386
1  1.0936545070395438  0.4515136404640408  -4.158796799423085  4.574531076984235  641.0256410256411
1  1.1160699816436395  0.4460135133586145  -3.8993630179332306  5.795494979274413  641.0256410256411
1  1.1382549237306931  0.44224515277470355  -3.5792242735673367  7.003904341932852  -25.641025641025635
1  1.1609531681435883  0.46554628561437145  -3.2304150704643835  6.959351886039138  -25.641025641025635
1  1.1848097392054537  0.4885912561929132  -2.8832821977224006  6.9372910525950235  743.5897435897436
1  1.2091462408492493  0.485885431171189  -2.501283437532427  8.33673600279501  794.8717948717949
1  1.2333562488702878  0.48356287584741925  -2.047251286689989  9.818890199271888  487.1794871794873
1  1.2577307299408462  0.4920145953488069  -1.533199165806494  10.744862505845198  743.5897435897436
1  1.282382123193052  0.49497585601648364  -0.9613449848662731  12.12716197709527  794.8717948717949
1  1.307195885849293  0.498557873709291  -0.31820139033431105  13.59680755505044  794.8717948717949
1  1.3322376526243085  0.5040819568738905  0.39836005308869193  15.065165395861902  333.3333333333335
1  1.3578399782097859  0.5204127161417105  1.1683649610668683  15.74218794422696  333.3333333333335
1  1.3842793163648808  0.5375831268820265  1.9725927443699218  16.434874102656334  333.3333333333335
1  1.4115987383242026  0.5556402698503373  2.8118675590040114  17.144933238817345  -948.7179487179487
1  1.4402744823260458  0.5902803286784183  3.632773720801613  15.713756269251116  1000.0
1  1.4700915142928688  0.6037876201582706  4.4653585733046075  17.595055429637682  -948.7179487179487
1  1.5010648061090033  0.6340517787144859  5.310574450457528  16.234198167376615  846.1538461538462
1  1.5332346974998137  0.6540506780992563  6.163789820591255  17.905638021552264  692.3076923076924
1  1.5664831435172761  0.6770503464346096  7.094768664182289  19.34769006743446  -25.641025641025635
2  0.5235987755982988  0.0  0.0  0.0  -487.1794871794872
2  0.525970076898716  0.09478436955953495  -0.04768057418165609  -1.9056684251862699  -333.33333333333326
2  0.5325147304686619  0.16660062370778217  -0.17759531840336143  -3.2823865639735734  -333.33333333333326
2  0.5426252329167814  0.23715047949190532  -0.3758191540019312  -4.632326945651663  -128.20512820512818
2  0.5555090849790363  0.27779803828497235  -0.6240092737606984  -5.285251412402604  -128.20512820512818
2  0.5704040787124856  0.3175340791275146  -0.9043183982557388  -5.915440905238266  -128.20512820512818
2  0.5872616224989226  0.3562432857394639  -1.2155288831261244  -6.519733269860724  179.48717948717945
2  0.605035781466084  0.3551986207362309  -1.5324393612978422  -6.1616159176814405  846.1538461538462
2  0.620700290233789  0.2739627878035502  -1.781084948545626  -3.8281930134468936  -743.5897435897436
2  0.6372385614644102  0.3855173614488714  -2.033552713545212  -6.228571270019682  -230.76923076923072
2  0.6577297194170434  0.4331817303831451  -2.3661431872358936  -7.052688742669279  -641.025641025641
2  0.6817166845999734  0.5237425181419352  -2.768134602907766  -8.973314279345018  897.4358974358975
2  0.7059350015171951  0.4485738887954529  -3.156138146430351  -6.607387533031556  179.48717948717945
2  0.7284131265980702  0.45099833268355  -3.4773514268900976  -6.243921657098017  641.0256410256411
2  0.7498932058607046  0.41014553900987305  -3.7499337130301558  -4.690142321182988  641.0256410256411
2  0.769421856997893  0.37266861989895933  -3.9462700098243433  -3.1894735318994227  -1000.0
2  0.7908986074408539  0.4836103689143408  -4.173030365929649  -5.822572985568331  589.7435897435898
2  0.814295160376899  0.45392707013141265  -4.4294617217520775  -4.459664006623158  589.7435897435898
2  0.8362872062439716  0.4272338152734256  -4.618927141217604  -3.140559959571349  -1000.0
2  0.8601837471390683  0.5258584473391299  -4.838014858096047  -5.563917568309121  897.4358974358975
2  0.8852638795864787  0.4798400053609311  -5.064773892910723  -3.5454607109761285  1000.0
2  0.9079754910256822  0.4310173946702571  -5.186600355438764  -1.3651971518466306  1000.0
2  0.92835774941128  0.3863011462340734  -5.201164377126842  0.7513217221513435  1000.0
2  0.9465990327117537  0.3450763347808825  -5.1113626042588995  2.8145782195349764  794.8717948717949
2  0.9631832279191449  0.3194333368339859  -4.930686624175208  4.39661505623055  -948.7179487179487
2  0.9811891284322877  0.39923580455371516  -4.764476045664728  2.2862721029312594  -282.051282051282
2  1.0021273636553865  0.4376394474036125  -4.666946615943825  1.6335177341032145  -282.051282051282
2  1.024952547579859  0.47469734208528147  -4.601106090791705  1.0197805655388938  743.5897435897436
2  1.0482445426212474  0.4582737974941951  -4.512859115701667  2.495056830914482  538.4615384615386
2  1.0710334907269117  0.4541079553780169  -4.361807969493671  3.5404138637860703  538.4615384615386
2  1.0936545070395438  0.4515136404640408  -4.158796799423085  4.574531076984235  641.0256410256411
2  1.1160699816436395  0.4460135133586145  -3.8993630179332306  5.795494979274413  641.0256410256411
2  1.1382549237306931  0.44224515277470355  -3.5792242735673367  7.003904341932852  -25.641025641025635
2  1.1609531681435883  0.46554628561437145  -3.2304150704643835  6.959351886039138  -25.641025641025635
2  1.1848097392054537  0.4885912561929132  -2.8832821977224006  6.9372910525950235  743.5897435897436
2  1.2091462408492493  0.485885431171189  -2.501283437532427  8.33673600279501  794.8717948717949
2  1.2333562488702878  0.48356287584741925  -2.047251286689989  9.818890199271888  487.1794871794873
2  1.2577307299408462  0.4920145953488069  -1.533199165806494  10.744862505845198  743.5897435897436
2  1.282382123193052  0.49497585601648364  -0.9613449848662731  12.12716197709527  794.8717948717949
2  1.307195885849293  0.498557873709291  -0.31820139033431105  13.59680755505044  794.8717948717949
2  1.3322376526243085  0.5040819568738905  0.39836005308869193  15.065165395861902  333.3333333333335
2  1.3578399782097859  0.5204127161417105  1.1683649610668683  15.74218794422696  333.3333333333335
2  1.3842793163648808  0.5375831268820265  1.9725927443699218  16.434874102656334  333.3333333333335
2  1.4115987383242026  0.5556402698503373  2.8118675590040114  17.144933238817345  -948.7179487179487
2  1.4402744823260458  0.5902803286784183  3.632773720801613  15.713756269251116  1000.0
2  1.4700915142928688  0.6037876201582706  4.4653585733046075  17.595055429637682  -948.7179487179487
2  1.5010648061090033  0.6340517787144859  5.310574450457528  16.234198167376615  846.1538461538462
2  1.5332346974998137  0.6540506780992563  6.163789820591255  17.905638021552264  692.3076923076924
2  1.5664831435172761  0.6770503464346096  7.094768664182289  19.34769006743446  -25.641025641025635
3  0.5235987755982988  0.0  0.0  0.0  -487.1794871794872
3  0.525970076898716  0.09478436955953495  -0.04768057418165609  -1.9056684251862699  -333.33333333333326
3  0.5325147304686619  0.16660062370778217  -0.17759531840336143  -3.2823865639735734  -333.33333333333326
3  0.5426252329167814  0.23715047949190532  -0.3758191540019312  -4.632326945651663  -128.20512820512818
3  0.5555090849790363  0.27779803828497235  -0.6240092737606984  -5.285251412402604  -128.20512820512818
3  0.5704040787124856  0.3175340791275146  -0.9043183982557388  -5.915440905238266  -128.20512820512818
3  0.5872616224989226  0.3562432857394639  -1.2155288831261244  -6.519733269860724  179.48717948717945
3  0.605035781466084  0.3551986207362309  -1.5324393612978422  -6.1616159176814405  846.1538461538462
3  0.620700290233789  0.2739627878035502  -1.781084948545626  -3.8281930134468936  -743.5897435897436
3  0.6372385614644102  0.3855173614488714  -2.033552713545212  -6.228571270019682  -230.76923076923072
3  0.6577297194170434  0.4331817303831451  -2.3661431872358936  -7.052688742669279  -641.025641025641
3  0.6817166845999734  0.5237425181419352  -2.768134602907766  -8.973314279345018  897.4358974358975
3  0.7059350015171951  0.4485738887954529  -3.156138146430351  -6.607387533031556  179.48717948717945
3  0.7284131265980702  0.45099833268355  -3.4773514268900976  -6.243921657098017  641.0256410256411
3  0.7498932058607046  0.41014553900987305  -3.7499337130301558  -4.690142321182988  641.0256410256411
3  0.769421856997893  0.37266861989895933  -3.9462700098243433  -3.1894735318994227  -1000.0
3  0.7908986074408539  0.4836103689143408  -4.173030365929649  -5.822572985568331  589.7435897435898
3  0.814295160376899  0.45392707013141265  -4.4294617217520775  -4.459664006623158  589.7435897435898
3  0.8362872062439716  0.4272338152734256  -4.618927141217604  -3.140559959571349  -1000.0
3  0.8601837471390683  0.5258584473391299  -4.838014858096047  -5.563917568309121  897.4358974358975
3  0.8852638795864787  0.4798400053609311  -5.064773892910723  -3.5454607109761285  1000.0
3  0.9079754910256822  0.4310173946702571  -5.186600355438764  -1.3651971518466306  1000.0
3  0.92835774941128  0.3863011462340734  -5.201164377126842  0.7513217221513435  1000.0
3  0.9465990327117537  0.3450763347808825  -5.1113626042588995  2.8145782195349764  794.8717948717949
3  0.9631832279191449  0.3194333368339859  -4.930686624175208  4.39661505623055  -948.7179487179487
3  0.9811891284322877  0.39923580455371516  -4.764476045664728  2.2862721029312594  -282.051282051282
3  1.0021273636553865  0.4376394474036125  -4.666946615943825  1.6335177341032145  -282.051282051282
3  1.024952547579859  0.47469734208528147  -4.601106090791705  1.0197805655388938  743.5897435897436
3  1.0482445426212474  0.4582737974941951  -4.512859115701667  2.495056830914482  538.4615384615386
3  1.0710334907269117  0.4541079553780169  -4.361807969493671  3.5404138637860703  538.4615384615386
3  1.0936545070395438  0.4515136404640408  -4.158796799423085  4.574531076984235  641.0256410256411
3  1.1160699816436395  0.4460135133586145  -3.8993630179332306  5.795494979274413  641.0256410256411
3  1.1382549237306931  0.44224515277470355  -3.5792242735673367  7.003904341932852  -25.641025641025635
3  1.1609531681435883  0.46554628561437145  -3.2304150704643835  6.959351886039138  -25.641025641025635
3  1.1848097392054537  0.4885912561929132  -2.8832821977224006  6.9372910525950235  743.5897435897436
3  1.2091462408492493  0.485885431171189  -2.501283437532427  8.33673600279501  794.8717948717949
3  1.2333562488702878  0.48356287584741925  -2.047251286689989  9.818890199271888  487.1794871794873
3  1.2577307299408462  0.4920145953488069  -1.533199165806494  10.744862505845198  743.5897435897436
3  1.282382123193052  0.49497585601648364  -0.9613449848662731  12.12716197709527  794.8717948717949
3  1.307195885849293  0.498557873709291  -0.31820139033431105  13.59680755505044  794.8717948717949
3  1.3322376526243085  0.5040819568738905  0.39836005308869193  15.065165395861902  333.3333333333335
3  1.3578399782097859  0.5204127161417105  1.1683649610668683  15.74218794422696  333.3333333333335
3  1.3842793163648808  0.5375831268820265  1.9725927443699218  16.434874102656334  333.3333333333335
3  1.4115987383242026  0.5556402698503373  2.8118675590040114  17.144933238817345  -948.7179487179487
3  1.4402744823260458  0.5902803286784183  3.632773720801613  15.713756269251116  1000.0
3  1.4700915142928688  0.6037876201582706  4.4653585733046075  17.595055429637682  -948.7179487179487
3  1.5010648061090033  0.6340517787144859  5.310574450457528  16.234198167376615  846.1538461538462
3  1.5332346974998137  0.6540506780992563  6.163789820591255  17.905638021552264  692.3076923076924
3  1.5664831435172761  0.6770503464346096  7.094768664182289  19.34769006743446  -25.641025641025635
4  0.5235987755982988  0.0  0.0  0.0  -487.1794871794872
4  0.525970076898716  0.09478436955953495  -0.04768057418165609  -1.9056684251862699  -333.33333333333326
4  0.5325147304686619  0.16660062370778217  -0.17759531840336143  -3.2823865639735734  -333.33333333333326
4  0.5426252329167814  0.23715047949190532  -0.3758191540019312  -4.632326945651663  -128.20512820512818
4  0.5555090849790363  0.27779803828497235  -0.6240092737606984  -5.285251412402604  -128.20512820512818
4  0.5704040787124856  0.3175340791275146  -0.9043183982557388  -5.915440905238266  -128.20512820512818
4  0.5872616224989226  0.3562432857394639  -1.2155288831261244  -6.519733269860724  179.48717948717945
4  0.605035781466084  0.3551986207362309  -1.5324393612978422  -6.1616159176814405  846.1538461538462
4  0.620700290233789  0.2739627878035502  -1.781084948545626  -3.8281930134468936  -743.5897435897436
4  0.6372385614644102  0.3855173614488714  -2.033552713545212  -6.228571270019682  -230.76923076923072
4  0.6577297194170434  0.4331817303831451  -2.3661431872358936  -7.052688742669279  -641.025641025641
4  0.6817166845999734  0.5237425181419352  -2.768134602907766  -8.973314279345018  897.4358974358975
4  0.7059350015171951  0.4485738887954529  -3.156138146430351  -6.607387533031556  179.48717948717945
4  0.7284131265980702  0.45099833268355  -3.4773514268900976  -6.243921657098017  641.0256410256411
4  0.7498932058607046  0.41014553900987305  -3.7499337130301558  -4.690142321182988  641.0256410256411
4  0.769421856997893  0.37266861989895933  -3.9462700098243433  -3.1894735318994227  -1000.0
4  0.7908986074408539  0.4836103689143408  -4.173030365929649  -5.822572985568331  589.7435897435898
4  0.814295160376899  0.45392707013141265  -4.4294617217520775  -4.459664006623158  589.7435897435898
4  0.8362872062439716  0.4272338152734256  -4.618927141217604  -3.140559959571349  -1000.0
4  0.8601837471390683  0.5258584473391299  -4.838014858096047  -5.563917568309121  897.4358974358975
4  0.8852638795864787  0.4798400053609311  -5.064773892910723  -3.5454607109761285  1000.0
4  0.9079754910256822  0.4310173946702571  -5.186600355438764  -1.3651971518466306  1000.0
4  0.92835774941128  0.3863011462340734  -5.201164377126842  0.7513217221513435  1000.0
4  0.9465990327117537  0.3450763347808825  -5.1113626042588995  2.8145782195349764  794.8717948717949
4  0.9631832279191449  0.3194333368339859  -4.930686624175208  4.39661505623055  -948.7179487179487
4  0.9811891284322877  0.39923580455371516  -4.764476045664728  2.2862721029312594  -282.051282051282
4  1.0021273636553865  0.4376394474036125  -4.666946615943825  1.6335177341032145  -282.051282051282
4  1.024952547579859  0.47469734208528147  -4.601106090791705  1.0197805655388938  743.5897435897436
4  1.0482445426212474  0.4582737974941951  -4.512859115701667  2.495056830914482  538.4615384615386
4  1.0710334907269117  0.4541079553780169  -4.361807969493671  3.5404138637860703  538.4615384615386
4  1.0936545070395438  0.4515136404640408  -4.158796799423085  4.574531076984235  641.0256410256411
4  1.1160699816436395  0.4460135133586145  -3.8993630179332306  5.795494979274413  641.0256410256411
4  1.1382549237306931  0.44224515277470355  -3.5792242735673367  7.003904341932852  -25.641025641025635
4  1.1609531681435883  0.46554628561437145  -3.2304150704643835  6.959351886039138  -25.641025641025635
4  1.1848097392054537  0.4885912561929132  -2.8832821977224006  6.9372910525950235  743.5897435897436
4  1.2091462408492493  0.485885431171189  -2.501283437532427  8.33673600279501  794.8717948717949
4  1.2333562488702878  0.48356287584741925  -2.047251286689989  9.818890199271888  487.1794871794873
4  1.2577307299408462  0.4920145953488069  -1.533199165806494  10.744862505845198  743.5897435897436
4  1.282382123193052  0.49497585601648364  -0.9613449848662731  12.12716197709527  794.8717948717949
4  1.307195885849293  0.498557873709291  -0.31820139033431105  13.59680755505044  794.8717948717949
4  1.3322376526243085  0.5040819568738905  0.39836005308869193  15.065165395861902  333.3333333333335
4  1.3578399782097859  0.5204127161417105  1.1683649610668683  15.74218794422696  333.3333333333335
4  1.3842793163648808  0.5375831268820265  1.9725927443699218  16.434874102656334  333.3333333333335
4  1.4115987383242026  0.5556402698503373  2.8118675590040114  17.144933238817345  -948.7179487179487
4  1.4402744823260458  0.5902803286784183  3.632773720801613  15.713756269251116  1000.0
4  1.4700915142928688  0.6037876201582706  4.4653585733046075  17.595055429637682  -948.7179487179487
4  1.5010648061090033  0.6340517787144859  5.310574450457528  16.234198167376615  846.1538461538462
4  1.5332346974998137  0.6540506780992563  6.163789820591255  17.905638021552264  692.3076923076924
4  1.5664831435172761  0.6770503464346096  7.094768664182289  19.34769006743446  -25.641025641025635
5  0.5235987755982988  0.0  0.0  0.0  -487.1794871794872
5  0.525970076898716  0.09478436955953495  -0.04768057418165609  -1.9056684251862699  -333.33333333333326
5  0.5325147304686619  0.16660062370778217  -0.17759531840336143  -3.2823865639735734  -333.33333333333326
5  0.5426252329167814  0.23715047949190532  -0.3758191540019312  -4.632326945651663  -128.20512820512818
5  0.5555090849790363  0.27779803828497235  -0.6240092737606984  -5.285251412402604  -128.20512820512818
5  0.5704040787124856  0.3175340791275146  -0.9043183982557388  -5.915440905238266  -128.20512820512818
5  0.5872616224989226  0.3562432857394639  -1.2155288831261244  -6.519733269860724  179.48717948717945
5  0.605035781466084  0.3551986207362309  -1.5324393612978422  -6.1616159176814405  846.1538461538462
5  0.620700290233789  0.2739627878035502  -1.781084948545626  -3.8281930134468936  -743.5897435897436
5  0.6372385614644102  0.3855173614488714  -2.033552713545212  -6.228571270019682  -230.76923076923072
5  0.6577297194170434  0.4331817303831451  -2.3661431872358936  -7.052688742669279  -641.025641025641
5  0.6817166845999734  0.5237425181419352  -2.768134602907766  -8.973314279345018  897.4358974358975
5  0.7059350015171951  0.4485738887954529  -3.156138146430351  -6.607387533031556  179.48717948717945
5  0.7284131265980702  0.45099833268355  -3.4773514268900976  -6.243921657098017  641.0256410256411
5  0.7498932058607046  0.41014553900987305  -3.7499337130301558  -4.690142321182988  641.0256410256411
5  0.769421856997893  0.37266861989895933  -3.9462700098243433  -3.1894735318994227  -1000.0
5  0.7908986074408539  0.4836103689143408  -4.173030365929649  -5.822572985568331  589.7435897435898
5  0.814295160376899  0.45392707013141265  -4.4294617217520775  -4.459664006623158  589.7435897435898
5  0.8362872062439716  0.4272338152734256  -4.618927141217604  -3.140559959571349  -1000.0
5  0.8601837471390683  0.5258584473391299  -4.838014858096047  -5.563917568309121  897.4358974358975
5  0.8852638795864787  0.4798400053609311  -5.064773892910723  -3.5454607109761285  1000.0
5  0.9079754910256822  0.4310173946702571  -5.186600355438764  -1.3651971518466306  1000.0
5  0.92835774941128  0.3863011462340734  -5.201164377126842  0.7513217221513435  1000.0
5  0.9465990327117537  0.3450763347808825  -5.1113626042588995  2.8145782195349764  794.8717948717949
5  0.9631832279191449  0.3194333368339859  -4.930686624175208  4.39661505623055  -948.7179487179487
5  0.9811891284322877  0.39923580455371516  -4.764476045664728  2.2862721029312594  -282.051282051282
5  1.0021273636553865  0.4376394474036125  -4.666946615943825  1.6335177341032145  -282.051282051282
5  1.024952547579859  0.47469734208528147  -4.601106090791705  1.0197805655388938  743.5897435897436
5  1.0482445426212474  0.4582737974941951  -4.512859115701667  2.495056830914482  538.4615384615386
5  1.0710334907269117  0.4541079553780169  -4.361807969493671  3.5404138637860703  538.4615384615386
5  1.0936545070395438  0.4515136404640408  -4.158796799423085  4.574531076984235  641.0256410256411
5  1.1160699816436395  0.4460135133586145  -3.8993630179332306  5.795494979274413  641.0256410256411
5  1.1382549237306931  0.44224515277470355  -3.5792242735673367  7.003904341932852  -25.641025641025635
5  1.1609531681435883  0.46554628561437145  -3.2304150704643835  6.959351886039138  -25.641025641025635
5  1.1848097392054537  0.4885912561929132  -2.8832821977224006  6.9372910525950235  743.5897435897436
5  1.2091462408492493  0.485885431171189  -2.501283437532427  8.33673600279501  794.8717948717949
5  1.2333562488702878  0.48356287584741925  -2.047251286689989  9.818890199271888  487.1794871794873
5  1.2577307299408462  0.4920145953488069  -1.533199165806494  10.744862505845198  743.5897435897436
5  1.282382123193052  0.49497585601648364  -0.9613449848662731  12.12716197709527  794.8717948717949
5  1.307195885849293  0.498557873709291  -0.31820139033431105  13.59680755505044  794.8717948717949
5  1.3322376526243085  0.5040819568738905  0.39836005308869193  15.065165395861902  333.3333333333335
5  1.3578399782097859  0.5204127161417105  1.1683649610668683  15.74218794422696  333.3333333333335
5  1.3842793163648808  0.5375831268820265  1.9725927443699218  16.434874102656334  333.3333333333335
5  1.4115987383242026  0.5556402698503373  2.8118675590040114  17.144933238817345  -948.7179487179487
5  1.4402744823260458  0.5902803286784183  3.632773720801613  15.713756269251116  1000.0
5  1.4700915142928688  0.6037876201582706  4.4653585733046075  17.595055429637682  -948.7179487179487
5  1.5010648061090033  0.6340517787144859  5.310574450457528  16.234198167376615  846.1538461538462
5  1.5332346974998137  0.6540506780992563  6.163789820591255  17.905638021552264  692.3076923076924
5  1.5664831435172761  0.6770503464346096  7.094768664182289  19.34769006743446  -25.641025641025635
6  0.5235987755982988  0.0  0.0  0.0  -487.1794871794872
6  0.525970076898716  0.09478436955953495  -0.04768057418165609  -1.9056684251862699  -333.33333333333326
6  0.5325147304686619  0.16660062370778217  -0.17759531840336143  -3.2823865639735734  -333.33333333333326
6  0.5426252329167814  0.23715047949190532  -0.3758191540019312  -4.632326945651663  -128.20512820512818
6  0.5555090849790363  0.27779803828497235  -0.6240092737606984  -5.285251412402604  -128.20512820512818
6  0.5704040787124856  0.3175340791275146  -0.9043183982557388  -5.915440905238266  -128.20512820512818
6  0.5872616224989226  0.3562432857394639  -1.2155288831261244  -6.519733269860724  179.48717948717945
6  0.605035781466084  0.3551986207362309  -1.5324393612978422  -6.1616159176814405  846.1538461538462
6  0.620700290233789  0.2739627878035502  -1.781084948545626  -3.8281930134468936  -743.5897435897436
6  0.6372385614644102  0.3855173614488714  -2.033552713545212  -6.228571270019682  -230.76923076923072
6  0.6577297194170434  0.4331817303831451  -2.3661431872358936  -7.052688742669279  -641.025641025641
6  0.6817166845999734  0.5237425181419352  -2.768134602907766  -8.973314279345018  897.4358974358975
6  0.7059350015171951  0.4485738887954529  -3.156138146430351  -6.607387533031556  179.48717948717945
6  0.7284131265980702  0.45099833268355  -3.4773514268900976  -6.243921657098017  641.0256410256411
6  0.7498932058607046  0.41014553900987305  -3.7499337130301558  -4.690142321182988  641.0256410256411
6  0.769421856997893  0.37266861989895933  -3.9462700098243433  -3.1894735318994227  -1000.0
6  0.7908986074408539  0.4836103689143408  -4.173030365929649  -5.822572985568331  589.7435897435898
6  0.814295160376899  0.45392707013141265  -4.4294617217520775  -4.459664006623158  589.7435897435898
6  0.8362872062439716  0.4272338152734256  -4.618927141217604  -3.140559959571349  -1000.0
6  0.8601837471390683  0.5258584473391299  -4.838014858096047  -5.563917568309121  897.4358974358975
6  0.8852638795864787  0.4798400053609311  -5.064773892910723  -3.5454607109761285  1000.0
6  0.9079754910256822  0.4310173946702571  -5.186600355438764  -1.3651971518466306  1000.0
6  0.92835774941128  0.3863011462340734  -5.201164377126842  0.7513217221513435  1000.0
6  0.9465990327117537  0.3450763347808825  -5.1113626042588995  2.8145782195349764  794.8717948717949
6  0.9631832279191449  0.3194333368339859  -4.930686624175208  4.39661505623055  -948.7179487179487
6  0.9811891284322877  0.39923580455371516  -4.764476045664728  2.2862721029312594  -282.051282051282
6  1.0021273636553865  0.4376394474036125  -4.666946615943825  1.6335177341032145  -282.051282051282
6  1.024952547579859  0.47469734208528147  -4.601106090791705  1.0197805655388938  743.5897435897436
6  1.0482445426212474  0.4582737974941951  -4.512859115701667  2.495056830914482  538.4615384615386
6  1.0710334907269117  0.4541079553780169  -4.361807969493671  3.5404138637860703  538.4615384615386
6  1.0936545070395438  0.4515136404640408  -4.158796799423085  4.574531076984235  641.0256410256411
6  1.1160699816436395  0.4460135133586145  -3.8993630179332306  5.795494979274413  641.0256410256411
6  1.1382549237306931  0.44224515277470355  -3.5792242735673367  7.003904341932852  -25.641025641025635
6  1.1609531681435883  0.46554628561437145  -3.2304150704643835  6.959351886039138  -25.641025641025635
6  1.1848097392054537  0.4885912561929132  -2.8832821977224006  6.9372910525950235  743.5897435897436
6  1.2091462408492493  0.485885431171189  -2.501283437532427  8.33673600279501  794.8717948717949
6  1.2333562488702878  0.48356287584741925  -2.047251286689989  9.818890199271888  487.1794871794873
6  1.2577307299408462  0.4920145953488069  -1.533199165806494  10.744862505845198  743.5897435897436
6  1.282382123193052  0.49497585601648364  -0.9613449848662731  12.12716197709527  794.8717948717949
6  1.307195885849293  0.498557873709291  -0.31820139033431105  13.59680755505044  794.8717948717949
6  1.3322376526243085  0.5040819568738905  0.39836005308869193  15.065165395861902  333.3333333333335
6  1.3578399782097859  0.5204127161417105  1.1683649610668683  15.74218794422696  333.3333333333335
6  1.3842793163648808  0.5375831268820265  1.9725927443699218  16.434874102656334  333.3333333333335
6  1.4115987383242026  0.5556402698503373  2.8118675590040114  17.144933238817345  -948.7179487179487
6  1.4402744823260458  0.5902803286784183  3.632773720801613  15.713756269251116  1000.0
6  1.4700915142928688  0.6037876201582706  4.4653585733046075  17.595055429637682  -948.7179487179487
6  1.5010648061090033  0.6340517787144859  5.310574450457528  16.234198167376615  846.1538461538462
6  1.5332346974998137  0.6540506780992563  6.163789820591255  17.905638021552264  692.3076923076924
6  1.5664831435172761  0.6770503464346096  7.094768664182289  19.34769006743446  -25.641025641025635
7  0.5235987755982988  0.0  0.0  0.0  -487.1794871794872
7  0.525970076898716  0.09478436955953495  -0.04768057418165609  -1.9056684251862699  -333.33333333333326
7  0.5325147304686619  0.16660062370778217  -0.17759531840336143  -3.2823865639735734  -333.33333333333326
7  0.5426252329167814  0.23715047949190532  -0.3758191540019312  -4.632326945651663  -128.20512820512818
7  0.5555090849790363  0.27779803828497235  -0.6240092737606984  -5.285251412402604  -128.20512820512818
7  0.5704040787124856  0.3175340791275146  -0.9043183982557388  -5.915440905238266  -128.20512820512818
7  0.5872616224989226  0.3562432857394639  -1.2155288831261244  -6.519733269860724  179.48717948717945
7  0.605035781466084  0.3551986207362309  -1.5324393612978422  -6.1616159176814405  846.1538461538462
7  0.620700290233789  0.2739627878035502  -1.781084948545626  -3.8281930134468936  -743.5897435897436
7  0.6372385614644102  0.3855173614488714  -2.033552713545212  -6.228571270019682  -230.76923076923072
7  0.6577297194170434  0.4331817303831451  -2.3661431872358936  -7.052688742669279  -641.025641025641
7  0.6817166845999734  0.5237425181419352  -2.768134602907766  -8.973314279345018  897.4358974358975
7  0.7059350015171951  0.4485738887954529  -3.156138146430351  -6.607387533031556  179.48717948717945
7  0.7284131265980702  0.45099833268355  -3.4773514268900976  -6.243921657098017  641.0256410256411
7  0.7498932058607046  0.41014553900987305  -3.7499337130301558  -4.690142321182988  641.0256410256411
7  0.769421856997893  0.37266861989895933  -3.9462700098243433  -3.1894735318994227  -1000.0
7  0.7908986074408539  0.4836103689143408  -4.173030365929649  -5.822572985568331  589.7435897435898
7  0.814295160376899  0.45392707013141265  -4.4294617217520775  -4.459664006623158  589.7435897435898
7  0.8362872062439716  0.4272338152734256  -4.618927141217604  -3.140559959571349  -1000.0
7  0.8601837471390683  0.5258584473391299  -4.838014858096047  -5.563917568309121  897.4358974358975
7  0.8852638795864787  0.4798400053609311  -5.064773892910723  -3.5454607109761285  1000.0
7  0.9079754910256822  0.4310173946702571  -5.186600355438764  -1.3651971518466306  1000.0
7  0.92835774941128  0.3863011462340734  -5.201164377126842  0.7513217221513435  1000.0
7  0.9465990327117537  0.3450763347808825  -5.1113626042588995  2.8145782195349764  794.8717948717949
7  0.9631832279191449  0.3194333368339859  -4.930686624175208  4.39661505623055  -948.7179487179487
7  0.9811891284322877  0.39923580455371516  -4.764476045664728  2.2862721029312594  -282.051282051282
7  1.0021273636553865  0.4376394474036125  -4.666946615943825  1.6335177341032145  -282.051282051282
7  1.024952547579859  0.47469734208528147  -4.601106090791705  1.0197805655388938  743.5897435897436
7  1.0482445426212474  0.4582737974941951  -4.512859115701667  2.495056830914482  538.4615384615386
7  1.0710334907269117  0.4541079553780169  -4.361807969493671  3.5404138637860703  538.4615384615386
7  1.0936545070395438  0.4515136404640408  -4.158796799423085  4.574531076984235  641.0256410256411
7  1.1160699816436395  0.4460135133586145  -3.8993630179332306  5.795494979274413  641.0256410256411
7  1.1382549237306931  0.44224515277470355  -3.5792242735673367  7.003904341932852  -25.641025641025635
7  1.1609531681435883  0.46554628561437145  -3.2304150704643835  6.959351886039138  -25.641025641025635
7  1.1848097392054537  0.4885912561929132  -2.8832821977224006  6.9372910525950235  743.5897435897436
7  1.2091462408492493  0.485885431171189  -2.501283437532427  8.33673600279501  794.8717948717949
7  1.2333562488702878  0.48356287584741925  -2.047251286689989  9.818890199271888  487.1794871794873
7  1.2577307299408462  0.4920145953488069  -1.533199165806494  10.744862505845198  743.5897435897436
7  1.282382123193052  0.49497585601648364  -0.9613449848662731  12.12716197709527  794.8717948717949
7  1.307195885849293  0.498557873709291  -0.31820139033431105  13.59680755505044  794.8717948717949
7  1.3322376526243085  0.5040819568738905  0.39836005308869193  15.065165395861902  333.3333333333335
7  1.3578399782097859  0.5204127161417105  1.1683649610668683  15.74218794422696  333.3333333333335
7  1.3842793163648808  0.5375831268820265  1.9725927443699218  16.434874102656334  333.3333333333335
7  1.4115987383242026  0.5556402698503373  2.8118675590040114  17.144933238817345  -948.7179487179487
7  1.4402744823260458  0.5902803286784183  3.632773720801613  15.713756269251116  1000.0
7  1.4700915142928688  0.6037876201582706  4.4653585733046075  17.595055429637682  -948.7179487179487
7  1.5010648061090033  0.6340517787144859  5.310574450457528  16.234198167376615  846.1538461538462
7  1.5332346974998137  0.6540506780992563  6.163789820591255  17.905638021552264  692.3076923076924
7  1.5664831435172761  0.6770503464346096  7.094768664182289  19.34769006743446  -25.641025641025635
8  0.5235987755982988  0.0  0.0  0.0  -487.1794871794872
8  0.525970076898716  0.09478436955953495  -0.04768057418165609  -1.9056684251862699  -333.33333333333326
8  0.5325147304686619  0.16660062370778217  -0.17759531840336143  -3.2823865639735734  -333.33333333333326
8  0.5426252329167814  0.23715047949190532  -0.3758191540019312  -4.632326945651663  -128.20512820512818
8  0.5555090849790363  0.27779803828497235  -0.6240092737606984  -5.285251412402604  -128.20512820512818
8  0.5704040787124856  0.3175340791275146  -0.9043183982557388  -5.915440905238266  -128.20512820512818
8  0.5872616224989226  0.3562432857394639  -1.2155288831261244  -6.519733269860724  179.48717948717945
8  0.605035781466084  0.3551986207362309  -1.5324393612978422  -6.1616159176814405  846.1538461538462
8  0.620700290233789  0.2739627878035502  -1.781084948545626  -3.8281930134468936  -743.5897435897436
8  0.6372385614644102  0.3855173614488714  -2.033552713545212  -6.228571270019682  -230.76923076923072
8  0.6577297194170434  0.4331817303831451  -2.3661431872358936  -7.052688742669279  -641.025641025641
8  0.6817166845999734  0.5237425181419352  -2.768134602907766  -8.973314279345018  897.4358974358975
8  0.7059350015171951  0.4485738887954529  -3.156138146430351  -6.607387533031556  179.48717948717945
8  0.7284131265980702  0.45099833268355  -3.4773514268900976  -6.243921657098017  641.0256410256411
8  0.7498932058607046  0.41014553900987305  -3.7499337130301558  -4.690142321182988  641.0256410256411
8  0.769421856997893  0.37266861989895933  -3.9462700098243433  -3.1894735318994227  -1000.0
8  0.7908986074408539  0.4836103689143408  -4.173030365929649  -5.822572985568331  589.7435897435898
8  0.814295160376899  0.45392707013141265  -4.4294617217520775  -4.459664006623158  589.7435897435898
8  0.8362872062439716  0.4272338152734256  -4.618927141217604  -3.140559959571349  -1000.0
8  0.8601837471390683  0.5258584473391299  -4.838014858096047  -5.563917568309121  897.4358974358975
8  0.8852638795864787  0.4798400053609311  -5.064773892910723  -3.5454607109761285  1000.0
8  0.9079754910256822  0.4310173946702571  -5.186600355438764  -1.3651971518466306  1000.0
8  0.92835774941128  0.3863011462340734  -5.201164377126842  0.7513217221513435  1000.0
8  0.9465990327117537  0.3450763347808825  -5.1113626042588995  2.8145782195349764  794.8717948717949
8  0.9631832279191449  0.3194333368339859  -4.930686624175208  4.39661505623055  -948.7179487179487
8  0.9811891284322877  0.39923580455371516  -4.764476045664728  2.2862721029312594  -282.051282051282
8  1.0021273636553865  0.4376394474036125  -4.666946615943825  1.6335177341032145  -282.051282051282
8  1.024952547579859  0.47469734208528147  -4.601106090791705  1.0197805655388938  743.5897435897436
8  1.0482445426212474  0.4582737974941951  -4.512859115701667  2.495056830914482  538.4615384615386
8  1.0710334907269117  0.4541079553780169  -4.361807969493671  3.5404138637860703  538.4615384615386
8  1.0936545070395438  0.4515136404640408  -4.158796799423085  4.574531076984235  641.0256410256411
8  1.1160699816436395  0.4460135133586145  -3.8993630179332306  5.795494979274413  641.0256410256411
8  1.1382549237306931  0.44224515277470355  -3.5792242735673367  7.003904341932852  -25.641025641025635
8  1.1609531681435883  0.46554628561437145  -3.2304150704643835  6.959351886039138  -25.641025641025635
8  1.1848097392054537  0.4885912561929132  -2.8832821977224006  6.9372910525950235  743.5897435897436
8  1.2091462408492493  0.485885431171189  -2.501283437532427  8.33673600279501  794.8717948717949
8  1.2333562488702878  0.48356287584741925  -2.047251286689989  9.818890199271888  487.1794871794873
8  1.2577307299408462  0.4920145953488069  -1.533199165806494  10.744862505845198  743.5897435897436
8  1.282382123193052  0.49497585601648364  -0.9613449848662731  12.12716197709527  794.8717948717949
8  1.307195885849293  0.498557873709291  -0.31820139033431105  13.59680755505044  794.8717948717949
8  1.3322376526243085  0.5040819568738905  0.39836005308869193  15.065165395861902  333.3333333333335
8  1.3578399782097859  0.5204127161417105  1.1683649610668683  15.74218794422696  333.3333333333335
8  1.3842793163648808  0.5375831268820265  1.9725927443699218  16.434874102656334  333.3333333333335
8  1.4115987383242026  0.5556402698503373  2.8118675590040114  17.144933238817345  -948.7179487179487
8  1.4402744823260458  0.5902803286784183  3.632773720801613  15.713756269251116  1000.0
8  1.4700915142928688  0.6037876201582706  4.4653585733046075  17.595055429637682  -948.7179487179487
8  1.5010648061090033  0.6340517787144859  5.310574450457528  16.234198167376615  846.1538461538462
8  1.5332346974998137  0.6540506780992563  6.163789820591255  17.905638021552264  692.3076923076924
8  1.5664831435172761  0.6770503464346096  7.094768664182289  19.34769006743446  -25.641025641025635
9  0.5235987755982988  0.0  0.0  0.0  -487.1794871794872
9  0.525970076898716  0.09478436955953495  -0.04768057418165609  -1.9056684251862699  -333.33333333333326
9  0.5325147304686619  0.16660062370778217  -0.17759531840336143  -3.2823865639735734  -333.33333333333326
9  0.5426252329167814  0.23715047949190532  -0.3758191540019312  -4.632326945651663  -128.20512820512818
9  0.5555090849790363  0.27779803828497235  -0.6240092737606984  -5.285251412402604  -128.20512820512818
9  0.5704040787124856  0.3175340791275146  -0.9043183982557388  -5.915440905238266  -128.20512820512818
9  0.5872616224989226  0.3562432857394639  -1.2155288831261244  -6.519733269860724  179.48717948717945
9  0.605035781466084  0.3551986207362309  -1.5324393612978422  -6.1616159176814405  846.1538461538462
9  0.620700290233789  0.2739627878035502  -1.781084948545626  -3.8281930134468936  -743.5897435897436
9  0.6372385614644102  0.3855173614488714  -2.033552713545212  -6.228571270019682  -230.76923076923072
9  0.6577297194170434  0.4331817303831451  -2.3661431872358936  -7.052688742669279  -641.025641025641
9  0.6817166845999734  0.5237425181419352  -2.768134602907766  -8.973314279345018  897.4358974358975
9  0.7059350015171951  0.4485738887954529  -3.156138146430351  -6.607387533031556  179.48717948717945
9  0.7284131265980702  0.45099833268355  -3.4773514268900976  -6.243921657098017  641.0256410256411
9  0.7498932058607046  0.41014553900987305  -3.7499337130301558  -4.690142321182988  641.0256410256411
9  0.769421856997893  0.37266861989895933  -3.9462700098243433  -3.1894735318994227  -1000.0
9  0.7908986074408539  0.4836103689143408  -4.173030365929649  -5.822572985568331  589.7435897435898
9  0.814295160376899  0.45392707013141265  -4.4294617217520775  -4.459664006623158  589.7435897435898
9  0.8362872062439716  0.4272338152734256  -4.618927141217604  -3.140559959571349  -1000.0
9  0.8601837471390683  0.5258584473391299  -4.838014858096047  -5.563917568309121  897.4358974358975
9  0.8852638795864787  0.4798400053609311  -5.064773892910723  -3.5454607109761285  1000.0
9  0.9079754910256822  0.4310173946702571  -5.186600355438764  -1.3651971518466306  1000.0
9  0.92835774941128  0.3863011462340734  -5.201164377126842  0.7513217221513435  1000.0
9  0.9465990327117537  0.3450763347808825  -5.1113626042588995  2.8145782195349764  794.8717948717949
9  0.9631832279191449  0.3194333368339859  -4.930686624175208  4.39661505623055  -948.7179487179487
9  0.9811891284322877  0.39923580455371516  -4.764476045664728  2.2862721029312594  -282.051282051282
9  1.0021273636553865  0.4376394474036125  -4.666946615943825  1.6335177341032145  -282.051282051282
9  1.024952547579859  0.47469734208528147  -4.601106090791705  1.0197805655388938  743.5897435897436
9  1.0482445426212474  0.4582737974941951  -4.512859115701667  2.495056830914482  538.4615384615386
9  1.0710334907269117  0.4541079553780169  -4.361807969493671  3.5404138637860703  538.4615384615386
9  1.0936545070395438  0.4515136404640408  -4.158796799423085  4.574531076984235  641.0256410256411
9  1.1160699816436395  0.4460135133586145  -3.8993630179332306  5.795494979274413  641.0256410256411
9  1.1382549237306931  0.44224515277470355  -3.5792242735673367  7.003904341932852  -25.641025641025635
9  1.1609531681435883  0.46554628561437145  -3.2304150704643835  6.959351886039138  -25.641025641025635
9  1.1848097392054537  0.4885912561929132  -2.8832821977224006  6.9372910525950235  743.5897435897436
9  1.2091462408492493  0.485885431171189  -2.501283437532427  8.33673600279501  794.8717948717949
9  1.2333562488702878  0.48356287584741925  -2.047251286689989  9.818890199271888  487.1794871794873
9  1.2577307299408462  0.4920145953488069  -1.533199165806494  10.744862505845198  743.5897435897436
9  1.282382123193052  0.49497585601648364  -0.9613449848662731  12.12716197709527  794.8717948717949
9  1.307195885849293  0.498557873709291  -0.31820139033431105  13.59680755505044  794.8717948717949
9  1.3322376526243085  0.5040819568738905  0.39836005308869193  15.065165395861902  333.3333333333335
9  1.3578399782097859  0.5204127161417105  1.1683649610668683  15.74218794422696  333.3333333333335
9  1.3842793163648808  0.5375831268820265  1.9725927443699218  16.434874102656334  333.3333333333335
9  1.4115987383242026  0.5556402698503373  2.8118675590040114  17.144933238817345  -948.7179487179487
9  1.4402744823260458  0.5902803286784183  3.632773720801613  15.713756269251116  1000.0
9  1.4700915142928688  0.6037876201582706  4.4653585733046075  17.595055429637682  -948.7179487179487
9  1.5010648061090033  0.6340517787144859  5.310574450457528  16.234198167376615  846.1538461538462
9  1.5332346974998137  0.6540506780992563  6.163789820591255  17.905638021552264  692.3076923076924
9  1.5664831435172761  0.6770503464346096  7.094768664182289  19.34769006743446  -25.641025641025635
10  0.5235987755982988  0.0  0.0  0.0  -487.1794871794872
10  0.525970076898716  0.09478436955953495  -0.04768057418165609  -1.9056684251862699  -333.33333333333326
10  0.5325147304686619  0.16660062370778217  -0.17759531840336143  -3.2823865639735734  -333.33333333333326
10  0.5426252329167814  0.23715047949190532  -0.3758191540019312  -4.632326945651663  -128.20512820512818
10  0.5555090849790363  0.27779803828497235  -0.6240092737606984  -5.285251412402604  -128.20512820512818
10  0.5704040787124856  0.3175340791275146  -0.9043183982557388  -5.915440905238266  -128.20512820512818
10  0.5872616224989226  0.3562432857394639  -1.2155288831261244  -6.519733269860724  179.48717948717945
10  0.605035781466084  0.3551986207362309  -1.5324393612978422  -6.1616159176814405  846.1538461538462
10  0.620700290233789  0.2739627878035502  -1.781084948545626  -3.8281930134468936  -743.5897435897436
10  0.6372385614644102  0.3855173614488714  -2.033552713545212  -6.228571270019682  -230.76923076923072
10  0.6577297194170434  0.4331817303831451  -2.3661431872358936  -7.052688742669279  -641.025641025641
10  0.6817166845999734  0.5237425181419352  -2.768134602907766  -8.973314279345018  897.4358974358975
10  0.7059350015171951  0.4485738887954529  -3.156138146430351  -6.607387533031556  179.48717948717945
10  0.7284131265980702  0.45099833268355  -3.4773514268900976  -6.243921657098017  641.0256410256411
10  0.7498932058607046  0.41014553900987305  -3.7499337130301558  -4.690142321182988  641.0256410256411
10  0.769421856997893  0.37266861989895933  -3.9462700098243433  -3.1894735318994227  -1000.0
10  0.7908986074408539  0.4836103689143408  -4.173030365929649  -5.822572985568331  589.7435897435898
10  0.814295160376899  0.45392707013141265  -4.4294617217520775  -4.459664006623158  589.7435897435898
10  0.8362872062439716  0.4272338152734256  -4.618927141217604  -3.140559959571349  -1000.0
10  0.8601837471390683  0.5258584473391299  -4.838014858096047  -5.563917568309121  897.4358974358975
10  0.8852638795864787  0.4798400053609311  -5.064773892910723  -3.5454607109761285  1000.0
10  0.9079754910256822  0.4310173946702571  -5.186600355438764  -1.3651971518466306  1000.0
10  0.92835774941128  0.3863011462340734  -5.201164377126842  0.7513217221513435  1000.0
10  0.9465990327117537  0.3450763347808825  -5.1113626042588995  2.8145782195349764  794.8717948717949
10  0.9631832279191449  0.3194333368339859  -4.930686624175208  4.39661505623055  -948.7179487179487
10  0.9811891284322877  0.39923580455371516  -4.764476045664728  2.2862721029312594  -282.051282051282
10  1.0021273636553865  0.4376394474036125  -4.666946615943825  1.6335177341032145  -282.051282051282
10  1.024952547579859  0.47469734208528147  -4.601106090791705  1.0197805655388938  743.5897435897436
10  1.0482445426212474  0.4582737974941951  -4.512859115701667  2.495056830914482  538.4615384615386
10  1.0710334907269117  0.4541079553780169  -4.361807969493671  3.5404138637860703  538.4615384615386
10  1.0936545070395438  0.4515136404640408  -4.158796799423085  4.574531076984235  641.0256410256411
10  1.1160699816436395  0.4460135133586145  -3.8993630179332306  5.795494979274413  641.0256410256411
10  1.1382549237306931  0.44224515277470355  -3.5792242735673367  7.003904341932852  -25.641025641025635
10  1.1609531681435883  0.46554628561437145  -3.2304150704643835  6.959351886039138  -25.641025641025635
10  1.1848097392054537  0.4885912561929132  -2.8832821977224006  6.9372910525950235  743.5897435897436
10  1.2091462408492493  0.485885431171189  -2.501283437532427  8.33673600279501  794.8717948717949
10  1.2333562488702878  0.48356287584741925  -2.047251286689989  9.818890199271888  487.1794871794873
10  1.2577307299408462  0.4920145953488069  -1.533199165806494  10.744862505845198  743.5897435897436
10  1.282382123193052  0.49497585601648364  -0.9613449848662731  12.12716197709527  794.8717948717949
10  1.307195885849293  0.498557873709291  -0.31820139033431105  13.59680755505044  794.8717948717949
10  1.3322376526243085  0.5040819568738905  0.39836005308869193  15.065165395861902  333.3333333333335
10  1.3578399782097859  0.5204127161417105  1.1683649610668683  15.74218794422696  333.3333333333335
10  1.3842793163648808  0.5375831268820265  1.9725927443699218  16.434874102656334  333.3333333333335
10  1.4115987383242026  0.5556402698503373  2.8118675590040114  17.144933238817345  -948.7179487179487
10  1.4402744823260458  0.5902803286784183  3.632773720801613  15.713756269251116  1000.0
10  1.4700915142928688  0.6037876201582706  4.4653585733046075  17.595055429637682  -948.7179487179487
10  1.5010648061090033  0.6340517787144859  5.310574450457528  16.234198167376615  846.1538461538462
10  1.5332346974998137  0.6540506780992563  6.163789820591255  17.905638021552264  692.3076923076924
10  1.5664831435172761  0.6770503464346096  7.094768664182289  19.34769006743446  -25.641025641025635
