Fmax = 1000
krokcalk = 0.05
g = 9.8135
tar = 0.02
masawoz = 10
masawah = 20
drw = 20
1  0.5235987755982988  0.0  0.0  0.0  36
1  0.5240822155377312  0.019334663187703355  -0.0040822835833654895  -0.16322430573955782  36
1  0.5255323867578496  0.0386696217028299  -0.016320984639821064  -0.3260736139826135  36
1  0.5279493203526436  0.05800536996689326  -0.0366881501473674  -0.4881760970706135  36
1  0.5313330619694316  0.07734186406596741  -0.0651370003125869  -0.649147432905193  36
1  0.5356836384645469  0.0966782757293069  -0.1016011526504975  -0.8085849496224551  36
1  0.5410010128858581  0.11601277618976825  -0.14599356427243831  -0.9660622928614143  36
1  0.5472850295095586  0.1353423589188576  -0.19820522260728565  -1.1211247738138654  36
1  0.5545353510891881  0.15466270932918086  -0.2581036223715012  -1.27328554113625  36
1  0.562751390853362  0.1739681283422405  -0.32553107331636916  -1.422022699508624  36
1  0.5719322420998159  0.19325151521049552  -0.4003028888427583  -1.566777471676626  36
1  0.5820766084611396  0.2125044131601384  -0.4822055096943717  -1.7069534690795571  36
1  0.5931827380466863  0.23171711931423405  -0.5709946193330775  -1.8419170990065554  36
1  0.6052483646824964  0.25087885802765203  -0.6663933080092465  -1.9709990945807268  36
1  0.6182706593676467  0.269978014313944  -0.7680903407736044  -2.093497109326964  36
1  0.6322461948379172  0.2890024216002519  -0.8757385806368281  -2.2086792727974123  36
1  0.6471709257800156  0.3079396957629007  -0.9889536117921801  -2.315788560318729  36
1  0.6630401867838113  0.3267776054364755  -1.1073125994370223  -2.4140477912150398  36
1  0.6798487095763297  0.3455044671083083  -1.2303534125664835  -2.5026650386036535  36
1  0.697590660477174  0.36410955263813244  -1.357574024604176  -2.580839212418822  36
1  0.7162596983837745  0.38258349666665  -1.488432194422383  -2.647765567362444  36
1  0.7358490529727463  0.40091869192988033  -1.622345417792455  -2.702640889757746  36
1  0.7563516222271899  0.4191096617512437  -1.7586911272126842  -2.744668131493991  36
1  0.7777600879026895  0.4371534008550724  -1.8968071069617662  -2.7730602840575624  36
1  0.8000670471551085  0.4550496779997621  -2.0359920806056646  -2.7870433188026  36
1  0.8232651582913915  0.47280129659928094  -2.175506420396809  -2.785858058217248  36
1  0.8473472984818792  0.490414312307859  -2.31457292224167  -2.768760883736759  36
1  0.8723067312914302  0.5078982093104133  -2.452377586203299  -2.7350232253748215  36
1  0.8981372820409238  0.5252660396410214  -2.588070340716985  -2.6839298141104315  36
1  0.9248335192878039  0.5425345321318723  -2.7207656485587455  -2.61477570712149  36
1  0.9523909410970021  0.5597241795099717  -2.849542933738862  -2.5268621167995446  36
1  0.9808061652425483  0.5768593136911199  -2.973446770444377  -2.419491085909847  36
1  1.0100771230164567  0.5939681804987096  -3.0914867774352746  -2.291959052812878  36
1  1.04020325690857  0.6110830259265335  -3.2026371634100936  -2.1435493423814584  36
1  1.0711857230467448  0.6282402067694547  -3.3058358703119377  -1.9735236005049677  36
1  1.1030275999445118  0.645480339086345  -3.3999832618834134  -1.781112163370691  36
1  1.1357341057932357  0.6628484986759718  -3.483940303563092  -1.5655033174786162  36
1  1.1693128272652877  0.6803944886913468  -3.556526176627576  -1.3258313627388407  36
1  1.2037739635792297  0.6981731908566774  -3.616515263902229  -1.0611633387342139  36
1  1.2391305904415044  0.7162450186645084  -3.662633435942549  -0.7704842124094395  36
1  1.275398949455182  0.7346764936231488  -3.693553554817449  -0.45268025240449744  36
1  1.3125987697194024  0.7535409693357785  -3.7078900968909427  -0.10652022837141145  36
1  1.3507536296908453  0.77291953321507  -3.7041927755285333  0.2693660308662898  36
1  1.3898913690146382  0.7929021223389549  -3.6809390184573547  0.6765123137059141  36
1  1.4300445620510258  0.813588898808601  -3.636525121295187  1.1166446870378754  36
1  1.4712510673472017  0.8350919415976795  -3.5692558568494483  1.5917150883810478  36
1  1.5135546704873937  0.8575373270943886  -3.4773322669779017  2.103941040892091  36
1  1.557005841801273  0.8810676903966888  -3.3588372972480594  2.6558529944104223  36
2  0.0  1.0471975511965976  0.0  0.0  36
2  0.05213487755982989  1.0372962804184345  0.0045000000000000005  0.21094207733453318  36
2  0.10373237511954932  1.0259238828017432  0.021040819906631467  0.47746865748274014  36
2  0.15473075588314328  1.0135983706164475  0.05217977274409581  0.7898974749843021  36
2  0.20509588218112484  1.000868553968598  0.09995999609376018  1.1380032209986863  36
2  0.2548209679593943  0.98824878642397  0.16591511252302554  1.512184260626377  36
2  0.30392347968464234  0.9761753224096578  0.2511251454383046  1.9042547137502166  36
2  0.35244044513538514  0.96498663324786  0.35630178050692307  2.307817876029383  36
2  0.4004233290184707  0.9549230395982428  0.48188263786645824  2.7182988547857048  36
2  0.4479332835778656  0.9461384094355456  0.6281201970167923  3.1327609648267436  36
2  0.49503719904908794  0.9387172759716582  0.7951576413763028  3.5496213989600425  36
2  0.5418046825616392  0.932692718072762  0.9830890734894937  3.9683482239042673  36
2  0.588305913633271  0.9280624006915122  1.1920047651731305  4.389185561557111  36
2  0.6346102397388528  0.9248017129424623  1.4220236677954534  4.812927114183492  36
2  0.6807853531721584  0.922873881490405  1.6733158780036925  5.240741655858734  36
2  0.7268969015817306  0.9222374068704818  1.946117628709062  5.674045651647482  36
2  0.7730084096211844  0.9228513402777794  2.24074099236602  6.11441493159924  36
2  0.8191814170165996  0.9246789255759255  2.5575800390046015  6.563527003066998  36
2  0.8654757637210834  0.927690065757485  2.897114781167544  7.023126583441968  36
2  0.911949973801549  0.9318629859014356  3.2599138989016483  7.495008385986328  36
2  0.9586617061315285  0.9371853810313912  3.646636976534494  7.9810126469580185  36
2  1.0056682524494243  0.9436552674029954  4.058036791751842  8.483030156701584  36
2  1.0530270727201523  0.9512817021210269  4.494962064682354  9.003014602910246  36
2  1.1007963648345336  0.9600854976347892  4.958360988562002  9.543000867685645  36
2  1.1490356712167813  0.970100032462404  5.449285814276595  10.105128583439454  36
2  1.197806529488663  0.9813722453057546  5.968898741323016  10.69167079435256  36
2  1.2471731784613667  0.9939638948656092  6.518479372597391  11.305068036633234  36
2  1.2972033348257126  1.0079531711404328  7.099434017277491  11.947968585205942  36
2  1.3479690603881944  1.0234367555105306  7.713307174351948  12.623276057077689  36
2  1.3995477449590854  1.0405324469583572  8.361795600474364  13.334206052454249  36
2  1.4520232364886718  1.0593825016771552  9.046765463225881  14.084354096181258  36
2  1.5054871583060292  1.0801578753407801  9.770273210220607  14.877777862212419  36
2  1.5600404640183188  1.1030636148202972  10.534590954022221  15.719097578606693  36
3  0.0  0.0  10.0  0.0  36
3  -0.000225  -0.00899955  10.0045  0.179991  36
3  -0.0009003689340791893  -0.018031306492736203  10.018004618748778  0.3604053499010432  36
3  -0.0020285447243697952  -0.027128388548192273  10.040546052678168  0.5416841804157321  36
3  -0.003613622947472275  -0.03632400583826367  10.072178563086212  0.7242690601922198  36
3  -0.005661362435258133  -0.04565149738432121  10.112978502206335  0.9086020874606751  36
3  -0.008179192577364814  -0.05514435882234889  10.16304433950903  1.095125769829444  36
3  -0.011176221645235155  -0.06483625373853087  10.222496675692893  1.2842826105325098  36
3  -0.014663245223780446  -0.0747610041096136  10.291478227533794  1.4765143101969636  36
3  -0.018652753574018063  -0.08495255424835993  10.370153761957098  1.672260481901735  36
3  -0.02315893645291962  -0.09544490192290782  10.458709952281094  1.871956764249001  36
3  -0.02819768358091986  -0.10627198952003042  10.5573551234726  2.0760322028932734  36
3  -0.03378657857067684  -0.11746754730403443  10.666318846413727  2.2849057563052337  36
3  -0.03994488371325397  -0.12906488005764383  10.785851333608184  2.4989817677512285  36
3  -0.04669351256475261  -0.14109658778339265  10.916222580538484  2.7186442343762915  36
3  -0.05405498679855039  -0.15359421083948896  11.057721188211325  2.944249698440472  36
3  -0.06205337330510182  -0.16658779007775576  11.210652793634598  3.1761185885946763  36
3  -0.07071419706320302  -0.180105333493256  11.375338026587205  3.4145248549896294  36
3  -0.08006432491809362  -0.1941721828915499  11.552109903848088  3.6596837763810943  36
3  -0.09013181514375836  -0.2088102774827997  11.741310567112938  3.9117378764613555  36
3  -0.10094572761881555  -0.22403731649628394  11.943287269543214  4.170740977066425  36
3  -0.11253588970566827  -0.23986583022219266  12.158387519993969  4.436640543936811  36
3  -0.12493261360521277  -0.2563021785739985  12.386953305473469  4.7092586508689065  36
3  -0.13816636218671757  -0.27334550835357757  12.629314333477394  4.988272101245746  36
3  -0.15226736218124487  -0.29098671456525815  12.88578026861409  5.273192496805806  36
3  -0.1672651662666694  -0.30920746652259634  13.156631984043283  5.563347317914337  36
3  -0.1831881689956522  -0.3279793746272733  13.442111908372691  5.857863351944878  36
3  -0.2000630856652992  -0.34726338635523407  13.742413621892604  6.1556540383344505  36
3  -0.21791440791069921  -0.3670095072967536  14.05767093924809  6.455412440525151  36
3  -0.2367638546798428  -0.38715694184763705  14.387946802987816  6.755611549712535  36
3  -0.2566298418070494  -0.40763473532696604  14.733222395131891  7.054513419211268  36
3  -0.2775269970026271  -0.42836297289645114  15.093386940753469  7.350188183955253  36
3  -0.2994657490109419  -0.4492545505851953  15.468228716097537  7.640543332166801  36
3  -0.3224520193038491  -0.4702174825692331  15.85742777223563  7.923362706591821  36
3  -0.34648704151957144  -0.49115765218011675  16.260550835247543  8.196353713830456  36
3  -0.37156732782519614  -0.5119818599862894  16.677048742887994  8.457200249831383  36
3  -0.39768479282138075  -0.5326009799248368  17.106256630845834  8.703618067570527  36
3  -0.4248270353334627  -0.5529330122131553  17.54739690239018  8.933408867348644  36
3  -0.452977767625162  -0.5729058249644651  17.999584823401076  9.144509379603244  36
3  -0.48211737157898443  -0.5924594057629785  18.461836403780957  9.335032155135856  36
3  -0.5122235534713337  -0.611547495556837  18.933078078222863  9.503295611427978  36
3  -0.5432720640544697  -0.6301385416266985  19.412157601071236  9.647841966752228  36
3  -0.5752374491638972  -0.648215973567013  19.897855529952984  9.767442847806322  36
3  -0.6080937978747784  -0.665777866095481  20.388896690027764  9.861093406684123  36
3  -0.6418154597458721  -0.6828360975602472  20.883961075979897  9.927996594465634  36
3  -0.6763777090305525  -0.6994151394567376  21.381693747704386  9.967539738702186  36
3  -0.7117573409250318  -0.7155506201147688  21.880713391456176  9.979265752435794  36
3  -0.7479331920745051  -0.7312877979680631  22.379619335540305  9.962841206988347  36
3  -0.7848865839876433  -0.7466800611615255  22.87699691616323  9.91802320441017  36
3  -0.8226016932979502  -0.7617875457751766  23.371421176820352  9.844626572126295  36
3  -0.8610658567874963  -0.7766759391510651  23.861458949736097  9.742492447884345  36
3  -0.9002698217877261  -0.7914155110699139  24.345669410030887  9.611458885457905  36
3  -0.9402079541642716  -0.8060803959274416  24.82260321448359  9.45133372725746  36
3  -0.9808784168226689  -0.8207481345578767  25.29080034031739  9.261869675990337  36
3  -1.0222833318068303  -0.8354994750465998  25.748786729098907  9.042741255449288  36
3  -1.0644289388572725  -0.8504184273415984  26.19506982010585  8.793523171831572  36
3  -1.1073257629759996  -0.8655925660505699  26.628133029263665  8.513669457431103  36
3  -1.1509888032978115  -0.8811135788092557  27.04642919604122  8.202492681519383  36
3  -1.1954377555488036  -0.8970780634597671  27.44837298273586  7.859142431944258  36
3  -1.240697280712948  -0.9135885856246624  27.832332168744898  7.4825821894361555  36
3  -1.2867973333456793  -0.9307550189957553  28.196617736312902  7.071563619786561  36
3  -1.3337735643894502  -0.9486962039473753  28.53947259272936  6.624597182466122  36
3  -1.3816678154961655  -0.9675419764029913  28.859058715175834  6.139917783176978  36
3  -1.4305287249125662  -0.9874356390283427  29.153442435780498  5.615443966451077  36
3  -1.4804124691527651  -1.0085369719514692  29.42057750249243  5.048728834873081  36
3  -1.531383670250538  -1.0310259118808611  29.65828545174898  4.4369004734508435  36
4  0.0  0.0  0.0  10.0  36
4  -0.00022375  -0.0089495525  0.504475  10.17899105  36
4  -0.0008953668852616479  -0.017931132708592375  1.0179045931047561  10.35840310067221  36
4  -0.0020172750524342087  -0.026977676634351817  1.5403207972336128  10.538674849948663  36
4  -0.003593547420223913  -0.036122212013215374  2.0717775740649813  10.720245462517955  36
4  -0.005629911102460585  -0.04539789776777489  2.6123508569427596  10.903554678635368  36
4  -0.008133754822624526  -0.054838052187276116  3.162138579949747  11.089042714789644  36
4  -0.011114137401680754  -0.06447616545744504  3.721260695823769  11.277149875916045  36
4  -0.014581796421255198  -0.07434589165725741  4.289859166176141  11.468315789728937  36
4  -0.01854915590577341  -0.08448101471305047  4.868097902746633  11.662978162579446  36
4  -0.0230303315747552  -0.09491538207608528  5.456162633097254  11.861570943322755  36
4  -0.028041131885705298  -0.10568279909676653  6.054260658131223  12.064521767509301  36
4  -0.033599052716455476  -0.116816876253334  6.662620462076948  12.272248539599001  36
4  -0.03972326312370731  -0.12835082062484526  7.281491128102676  12.485154997058192  36
4  -0.04643457916639095  -0.1403171623791317  7.911141504601432  12.703625088909483  36
4  -0.05375542230875629  -0.15274740671765935  8.551859058588414  12.928015995043502  36
4  -0.06170975843749558  -0.1656716018707009  9.2039483439078  13.158649614698037  36
4  -0.07032301306909268  -0.1791178146121959  9.867729003566069  13.39580236725628  36
4  -0.07962195793104011  -0.1931115066639247  10.543533218246646  13.639693181192621  36
4  -0.08963456383289914  -0.20767480863012266  11.231702507955942  13.890469603735529  36
4  -0.10038981467801661  -0.2228256931170699  11.93258379216715  14.148192051212515  36
4  -0.11191747770028423  -0.23857705579625824  12.646524617461438  14.412816344357495  36
4  -0.12424782565489079  -0.25493572261683584  13.373867472502438  14.684174838754652  36
4  -0.1374113078687732  -0.2719014132115869  14.114943130376156  14.961956669251755  36
4  -0.151438168882257  -0.28946570447661685  14.870062989984559  15.245687873898278  36
4  -0.1663580159798184  -0.30761105354597595  15.639510432981002  15.534712434423021  36
4  -0.18219934025269643  -0.32630995449705147  16.423531271447796  15.828175541983784  36
4  -0.19898899990818897  -0.3455243159648922  17.222323433384634  16.125010631845708  36
4  -0.2167516791640525  -0.36520515461558917  18.036026115182697  16.423931880044794  36
4  -0.23550934091230266  -0.38529269895251683  18.86470871700305  16.72343386307205  36
4  -0.2552806959133653  -0.40571698617924096  19.708359959887986  17.021799894131895  36
4  -0.27608071495926323  -0.4263990097221694  20.56687765154282  17.31712012773464  36
4  -0.29792021252325807  -0.4472524362541332  21.44005960869845  17.607319860260052  36
4  -0.3208055302356012  -0.4681858609934774  22.327596246021542  17.890197584388456  36
4  -0.3447383456209801  -0.48910551396533936  23.22906529596007  18.163471367981796  36
4  -0.36971562576783024  -0.5099182756335868  24.143929027620132  18.42483115654472  36
4  -0.39572973727911526  -0.530534816955005  25.071534190265332  18.6719938007011  36
4  -0.4227687137487007  -0.5508726549033336  26.01111473091922  18.902757135285622  36
4  -0.450816671264468  -0.5708589154572881  26.96179714520367  19.115049387711995  36
4  -0.47985435239255486  -0.5904326230525759  27.922608138928947  19.306970597717672  36
4  -0.5098597710137567  -0.6095463846433676  28.892484127330835  19.476823529348934  36
4  -0.5408089252162084  -0.6281673996890251  29.870281996483133  19.623132616004344  36
4  -0.5726765436632443  -0.6462777942349631  30.854790506423285  19.744650625592495  36
4  -0.6054368323749247  -0.6638743376741552  31.84474172776473  19.840353790189717  36
4  -0.6390641931373933  -0.6809676470178272  32.838821964608215  19.909426974936043  36
4  -0.6735338909278351  -0.6975810114699242  33.83568171233191  19.951240986261563  36
4  -0.7088226548464727  -0.7137489794914794  34.83394431295565  19.965324326354505  36
4  -0.7449092041850337  -0.729515844107127  35.83221308767479  19.951331628610692  36
4  -0.7817746977362662  -0.7449341444934655  36.82907683333811  19.90901072986212  36
4  -0.8194031098198757  -0.7600632779487431  37.82311365874625  19.838169932570093  36
4  -0.8577815405769684  -0.7749682907206492  38.81289320351035  19.73864656035159  36
4  -0.8969004708843413  -0.7897188923192483  39.796977326184745  19.610277472415344  36
4  -0.9367539739209938  -0.8043887180540797  40.77391937129216  19.452871814926354  36
4  -0.9773398962200595  -0.8190548496490839  41.74226212990869  19.266185968480734  36
4  -1.0186600212246288  -0.8337975940765007  42.70053459936291  19.049900403643946  36
4  -1.0607202281910366  -0.8487005158307864  43.64724762783851  18.803597973172852  36
4  -1.1035306589744265  -0.8638507170928755  44.5808885021716  18.526743036350766  36
4  -1.1471059049792984  -0.8793393629295294  45.499914504027714  18.218660711480428  36
4  -1.1914652265195433  -0.8952624542563937  46.402745422203374  17.878515470296453  36
4  -1.2366328171406173  -0.9117218593897841  47.28775496746753  17.505288206889713  36
4  -1.282638126230247  -0.9288266254922833  48.153260990807354  17.09775081864111  36
4  -1.3295162546027641  -0.9466946042275244  48.9975143551052  16.65443721318036  36
4  -1.3773084398197404  -0.965454441923087  49.8186862523671  16.173609488903278  36
4  -1.426062650969814  -0.9852480042622856  50.61485369111938  15.653217811428542  36
4  -1.475834316684043  -1.006233330107987  51.38398279813759  15.090852206942193  36
4  -1.5266872155860214  -1.0285882400252975  52.123909480981425  14.483684095541854  36
5  0.2617993877991494  0.5235987755982988  0.0  0.0  36
5  0.28805653688150934  0.5271824950250696  0.0016882195098324932  0.06391441202705876  36
5  0.3145170535534685  0.531695803071542  0.006403609705184597  0.12184068916471175  36
5  0.34122553411069106  0.5370626544475444  0.013884840537709102  0.17533546826341964  36
5  0.36822274724645015  0.5432068096013856  0.023949891259341192  0.2260001385881323  36
5  0.3955456640014203  0.5500533345436416  0.03649759392519161  0.27545459573579667  36
5  0.4232275583680915  0.5575299241610194  0.05150794098768745  0.32531411299596746  36
5  0.45129816956574464  0.5655680431766186  0.06904131609118823  0.3771694563825776  36
5  0.4797839167450876  0.5741038809171962  0.08923681314627036  0.4325703458057922  36
5  0.5087081567561584  0.5830791193408988  0.11230981300546924  0.493012318395436  36
5  0.5380914756822169  0.5924415181308804  0.13854898844587504  0.5599269841815115  36
5  0.5679520051499242  0.6021453255989109  0.168312905865189  0.6346755869407291  36
5  0.5983057549882033  0.61215152910005  0.20202638576000026  0.7185457037216189  36
5  0.6291669546116312  0.6224279630966034  0.2401767738262323  0.8127508448252989  36
5  0.6605483965109753  0.6329492965098575  0.28331026099605233  0.9184326594880745  36
5  0.6924617763883594  0.6436969233142803  0.3320283748213234  1.036665416120372  36
5  0.7249180257144084  0.65465878139275  0.38698474742418276  1.1684624117062625  36
5  0.7579276337472918  0.6658291245719481  0.44888224788368486  1.314783972239149  36
5  0.7915009572844914  0.6772082716999921  0.5184705504479711  1.476546732271463  36
5  0.8256485175755784  0.6888023548885519  0.5965441952195192  1.654633923020839  36
5  0.8603812848814266  0.7006230869187258  0.6839411856140679  1.8499064508255296  36
5  0.8957109521103839  0.7126875655932156  0.7815421573884787  2.0632146071299915  36
5  0.9316501997971331  0.7250181307631318  0.890270147630173  2.2954103143421287  36
5  0.9682129554292997  0.7376422880788402  1.011090988919441  2.547359876520786  36
5  1.0054146507938342  0.7505927123798338  1.145014353944031  2.819957268671654  36
5  1.0432724816408065  0.7639073431822407  1.2930954791552545  3.114138063263649  36
5  1.081805674583419  0.7776295850553914  1.4564376026152694  3.430894158251083  36
5  1.1210357668119124  0.7918086269060701  1.6361951610709102  3.771289539174432  36
5  1.1609869049430745  0.8064998964285374  1.8335778046871023  4.1364773815034  36
5  1.2016861702101984  0.8217656693808988  2.049855305126678  4.527718881905385  36
5  1.2431639382831445  0.8376758581201764  2.286363454323303  4.946404303234578  36
5  1.2854542833692486  0.8543090102572448  2.5445110781718467  5.3940768336483655  36
5  1.3285954379745797  0.8717535567794801  2.8257883225978575  5.872460002841962  36
5  1.3726303219162659  0.8901093600872871  3.131776410625408  6.3834895774517175  36
5  1.417607157017195  0.9094896268584904  3.4641591202346547  6.929351085361816  36
5  1.4635801875750765  0.9300232695198971  3.8247362967649288  7.512524410527741  36
5  1.5106105314285954  0.9518578247495287  4.215439794029899  8.135837275883304  36
5  1.5587671925733515  0.9751630696903127  4.638352339936775  8.802529916977726  36
6  0.2617993877991494  -0.5235987755982988  0.0  0.0  36
6  0.23569665932167944  -0.5210193482118685  0.0016882195098324932  0.07138939590696655  36
6  0.2096969213784229  -0.5195135567250077  0.0071499888333454  0.15161296763210808  36
6  0.18374479831002  -0.5191460609859097  0.016859703825425232  0.2419036082122456  36
6  0.15778185033389638  -0.5199736934679692  0.031349413478427894  0.34331573897411444  36
6  0.1317470197010972  -0.5220432121375084  0.05119893586793323  0.4566858871369003  36
6  0.10557719182820512  -0.5253889684167186  0.07702395595829772  0.5825917184470673  36
6  0.07920787448507  -0.5300305493294398  0.10946204786755082  0.7213105360876502  36
6  0.05257399446121149  -0.5359704855078836  0.14915662699607674  0.8727788253527474  36
6  0.025610805631359305  -0.5431921569861361  0.19673893243433752  1.0365551276288887  36
6  -0.0017451053191939216  -0.5516580722948822  0.25280827287727436  1.2117892932493841  36
6  -0.029554739081278446  -0.561308735449607  0.31791094038545337  1.3972018559915242  36
6  -0.05787556493072328  -0.5720623386927783  0.3925183979528541  1.5910776976787742  36
6  -0.08676041020900058  -0.5838155129203012  0.4770055601677559  1.7912780975802254  36
6  -0.11625641627341789  -0.5964453201321755  0.5716301805323634  1.9952744699362723  36
6  -0.14640412653386056  -0.6098125759918747  0.6765144938537228  2.2002054570079888  36
6  -0.17723677359578974  -0.6237664490875354  0.7916302941802615  2.4029566145800683  36
6  -0.20877982590981187  -0.6381501140126419  0.9167885224782136  2.600258988794283  36
6  -0.24105083889357926  -0.6528070683933368  1.0516341784410834  2.788799954144054  36
6  -0.2740596322388597  -0.6675875970752803  1.1956469728384855  2.96533740781183  36
6  -0.3078087869713042  -0.6823548138023336  1.3481476492928188  3.126807387627213  36
6  -0.3422944271729072  -0.6969897503913228  1.5083094016518346  3.270415736419705  36
6  -0.37750722691484717  -0.7113950909929279  1.6751733779992488  3.3937065190189757  36
6  -0.4134335668616651  -0.7254973370598541  1.8476669646850077  3.49460306086251  36
6  -0.45005675932696343  -0.739247395523839  2.0246234226925437  3.571421019067464  36
6  -0.4873582651480425  -0.7526197660262604  2.2048015048064746  3.6228560909372165  36
6  -0.5253188384882485  -0.7656106319079132  2.386903881785665  3.647951267358226  36
6  -0.5639195532939075  -0.7782352210739665  2.569593494577468  3.6460497053656655  36
6  -0.6031426841589613  -0.790524801332112  2.7515072685250983  3.616739379388137  36
6  -0.6429724319158497  -0.802523626735558  2.9312669246526206  3.559794935885912  36
6  -0.6833954985291532  -0.8142860776931694  3.1074868693045703  3.4751209669568235  36
6  -0.7244015260435606  -0.8258741572490824  3.278779321491671  3.3626995589446262  36
6  -0.7659834205162964  -0.8373554328264327  3.4437569468443576  3.2225437019409062  36
6  -0.8081375846773033  -0.8488014545650581  3.6010333172804856  3.054657103090298  36
6  -0.8508640833789937  -0.8602866406149154  3.749221519991377  2.859000179589021  36
6  -0.894166764604384  -0.871887595285207  3.886931212325014  2.635461503128069  36
6  -0.9380533566597585  -0.8836828148601432  4.012764372939611  2.3838336793694306  36
6  -0.9825355597720972  -0.8957527347067148  4.125309943658225  2.1037925151202828  36
6  -1.0276291480530904  -0.9081800768283779  4.2231374971761175  1.7948782955628975  36
6  -1.0733540959445416  -0.921050466746013  4.304790006877169  1.4564780165642577  36
6  -1.1197347419811292  -0.9344533007805532  4.368775738096738  1.0878074559500333  36
6  -1.1668000020851015  -0.9484828584678293  4.413559225242679  0.6878919957431364  36
6  -1.2145836446995744  -0.9632396695703873  4.437551245140878  0.25554510526996005  36
6  -1.2631246409234536  -0.9788321610794883  4.439097641873196  -0.2106566520025147  36
6  -1.3124676044995751  -0.9953786272532372  4.416466799639031  -0.7124033296116173  36
6  -1.3626633391326468  -1.0130095860119144  4.367835494606051  -1.2516874437807588  36
6  -1.4137695143332  -1.0318706091728314  4.291272780464933  -1.8308476300676304  36
6  -1.4658514960290403  -1.0521257437193567  4.18472147080123  -2.452622150605542  36
6  -1.5189833648817566  -1.073961678688555  4.045976668761169  -3.1202147807700555  36
7  -0.2617993877991494  0.5235987755982988  0.0  0.0  36
7  -0.23607997180793858  0.5052904660873209  0.006248466223724415  0.2531752269877734  36
7  -0.21126969534077564  0.4872943169243249  0.025300372901651245  0.5107730120005681  36
7  -0.18734992019666685  0.46972974038215354  0.05730934529053422  0.7701458177463469  36
7  -0.16429615122022015  0.4527099496436409  0.10229969608019562  1.0287971562248477  36
7  -0.14207842403749213  0.4363391777258773  0.16017531248898073  1.2844289949436458  36
7  -0.12066181447029589  0.42071063918052365  0.23073059970289694  1.5349758300176453  36
7  -0.10000703076859374  0.40590526197406196  0.31366278718514984  1.7786250761807305  36
7  -0.08007105041332238  0.39199114442807814  0.4085849213328218  2.0138246769284596  36
7  -0.06080776707643776  0.3790236391551599  0.515038940221809  2.239279741110829  36
7  -0.04216861927427429  0.3670459351269911  0.6325083341807054  2.4539405262504  36
7  -0.024103179199807017  0.35608999865579494  0.760430020205193  2.6569842474369807  36
7  -0.006559687226564054  0.34617773979730654  0.8982051824650358  2.8477930722197886  36
7  0.010514476037418868  0.33732228711638435  1.045208943731665  3.0259303610969717  36
7  0.027172382905058263  0.3295292757725441  1.200798826677452  3.1911168191880037  36
7  0.043467215558572615  0.32279807736061983  1.3643220370279887  3.3432078086791077  36
7  0.05945198237027295  0.3171229220327667  1.5351216528878218  3.4821726824961186  36
7  0.07517928721847636  0.31249388249409654  1.7125418385007642  3.6080766651524225  36
7  0.09070114433196749  0.3088977048375627  1.8959322194531065  3.7210655378344226  36
7  0.10606883078251406  0.30631848287145036  2.0846515632819393  3.821353180911888  36
7  0.12133276882780028  0.3047381810043261  2.278070907752114  3.909211880719975  36
7  0.13654243073591765  0.30413701648455727  2.475576271358208  3.9849652080205393  36
7  0.15174625937893352  0.30449371548044746  2.6765710689600772  4.04898321178016  36
7  0.16699159868026095  0.3057856597163836  2.8804783413845216  4.1016796335283106  36
7  0.18232462887900944  0.30798894163418306  3.086742892355431  4.143510826075156  36
7  0.19779030249607077  0.31107834669326706  3.2948334099079477  4.174976049337748  36
7  0.2134322778285906  0.3150272817065255  3.5042446328865218  4.196618811075035  36
7  0.22929284774845707  0.31980766817058015  3.714499606441203  4.20902891899128  36
7  0.24541286252772687  0.32538981943586354  3.925152053760728  4.212844912099544  36
7  0.26183164635091816  0.3317423202439041  4.135788874750062  4.208756543945723  36
7  0.2785869080891078  0.33883192655082545  4.346032766163776  4.197506999784101  36
7  0.2957146477866441  0.3466235025378584  4.555544942130269  4.179894546196033  36
7  0.31324906112437767  0.35508001015292584  4.764027919447688  4.156773337287258  36
7  0.3312224448436353  0.3641625643207385  4.97122831901863  4.129053138565998  36
7  0.34966510670793366  0.37383056403540393  5.1769396239275265  4.097697779250777  36
7  0.3686052840079624  0.3840419059115765  5.38100482660614  4.063722206280137  36
7  0.38806907484505  0.39475328250793246  5.583318892909364  4.028188087390726  36
7  0.40808038643142625  0.4059205630371288  5.783830970260506  3.9921979933137046  36
7  0.42866090440607635  0.4174992492177226  5.982546270656627  3.95688827581218  36
7  0.4498300866828115  0.42944499435467476  6.17952756731761  3.9234208430540116  36
7  0.471605184641093  0.4417141696396314  6.374896255864729  3.892974110093203  36
7  0.49400129357836847  0.45426445851169966  6.568832946535525  3.866733463514278  36
7  0.5170314333210643  0.4670554580226312  6.761577572179311  3.8458816200317805  36
7  0.5407066588090595  0.48004926570722434  6.953429016486586  3.831589275252237  36
7  0.5650361994014098  0.4932110315294596  7.144744286804012  3.82500642947828  36
7  0.590027624674498  0.5065094569636368  7.335937274684495  3.827254743560174  36
7  0.61568703366445  0.5199172269421135  7.527477163853738  3.8394212230592366  36
7  0.6420192638953929  0.53341136491234  7.719886558615353  3.8625534590469877  36
7  0.6690281161663857  0.5469735061890153  7.913739415265033  3.8976565756066566  36
7  0.6967165909538307  0.5605900897474055  8.10965886460245  3.9456919547366693  36
7  0.7250871324137849  0.5742524732084815  8.308315015237206  4.00757773554954  36
7  0.7541418763136988  0.5879569797244762  8.510422825512794  4.084191021861695  36
7  0.7838828987473762  0.6017048885987375  8.716740127186732  4.176371684277064  36
7  0.8143124631454949  0.6155023836916877  8.928065877318504  4.284927611687616  36
7  0.8454332638409341  0.6293604750032509  9.145238706999212  4.410641253088986  36
7  0.8772486652412316  0.643294909392288  9.369135827456441  4.554277292731145  36
7  0.9097629364648924  0.6573260863646087  9.600672346454573  4.716591317964134  36
7  0.9429814820887118  0.6714789944349141  9.840801041440516  4.898339367303914  36
7  0.9769110704151331  0.685783182957285  10.090512631087808  5.1002882837968375  36
7  1.0115600613979787  0.7002727837308999  10.350836584179879  5.323226843568846  36
7  1.0469386370678349  0.7149865963153746  10.622842504461934  5.567977679929301  36
7  1.0830590379903215  0.7299682510093561  10.907642132433647  5.835410078706596  36
7  1.1199358099952492  0.7452664640194423  11.206392010281702  6.126453780598111  36
7  1.157586066163936  0.7609354006323539  11.52029686451263  6.442113992085893  36
7  1.1960297698954208  0.7770351643682569  11.850613772658956  6.7834878797117995  36
7  1.2352900458383334  0.7936324333292389  12.198657196127003  7.151782906051408  36
7  1.2753935266326928  0.8108012695020645  12.56580498143303  7.54833746354691  36
7  1.3163707448271365  0.8286241329374618  12.953505457565328  7.974644379766845  36
7  1.358256581111887  0.8471931409205796  13.363285789145781  8.432378011600118  36
7  1.401090782249609  0.8666116230216476  13.796761784971107  8.923425825354927  36
7  1.44491856494044  0.8869960370161163  14.255649411424514  9.449925586302129  36
7  1.4897913255119153  0.908478329087181  14.741778322849266  10.014309569716769  36
7  1.5357674800244583  0.9312088457982809  15.257107799785782  10.619357574757366  36
8  -0.2617993877991494  -0.5235987755982988  0.0  0.0  36
8  -0.28843984936776845  -0.5420963371763862  0.006248466223724415  0.2459985393993056  36
8  -0.3160083618103603  -0.5606608119414727  0.024582192179724086  0.4820329398049655  36
8  -0.3445053019238355  -0.5791764292415414  0.054434385193201915  0.7053900699250787  36
8  -0.37392543502500186  -0.5975364118641577  0.09510462908096187  0.9134721895140281  36
8  -0.40425845708355557  -0.6156464356566493  0.14576630465011833  1.103859100412293  36
8  -0.43548969592354286  -0.633427412889508  0.2054768863219632  1.2743588463765196  36
8  -0.4676009323031092  -0.6508174257994552  0.27319044284017546  1.4230436675397384  36
8  -0.5005712952418669  -0.6677727344373567  0.34777154267632276  1.5482695661960697  36
8  -0.5343781846757638  -0.6842678824470423  0.42800972530241976  1.6486795553212152  36
8  -0.5689981780387505  -0.7002950094819662  0.5126337437310383  1.723192158011976  36
8  -0.6044078846296832  -0.715862538458879  0.6003248946083362  1.7709778044905293  36
8  -0.640584721146802  -0.7309934353448613  0.6897289051558742  1.7914263460524142  36
8  -0.6775075920334184  -0.7457232406169386  0.7794660153295551  1.7841089935400292  36
8  -0.7151574679834828  -0.7600980512920302  0.8681390560623097  1.7487376908508452  36
8  -0.753517864209208  -0.7741725988271289  0.9543394641464532  1.6851243878794744  36
8  -0.7925752264162728  -0.7880085293375503  1.0366512822058438  1.5931420181053235  36
8  -0.8323192367865865  -0.8016729549299315  1.1136532657689504  1.4726883244044757  36
8  -0.8727430548281571  -0.8152373127284708  1.1839192608778604  1.3236530868836642  36
8  -0.9138435090663548  -0.8287765434838374  1.2460170299441995  1.1458888268681346  36
8  -0.9556212556276397  -0.8423685849223268  1.2985056967720259  0.9391847008618647  36
8  -0.9980809191995474  -0.8560941655697598  1.3399319597444403  0.7032430469645793  36
8  -1.0412312309809744  -0.8700368814879861  1.368825190154237  0.43765788272414596  36
8  -1.0850851773391035  -0.8842835398867988  1.3836914943509684  0.14189455255335598  36
8  -1.1296601721735196  -0.8989247587588305  1.38300677627828  -0.18473034022769125  36
8  -1.1749782656114736  -0.9140558196540507  1.3652087923817087  -0.5430696293474453  36
8  -1.2210664017424673  -0.9297777809330297  1.3286881440254332  -0.9341678737925296  36
8  -1.2679567387491846  -0.946198871138866  1.2717781028200619  -1.3592862747924508  36
8  -1.315687046109216  -0.9634361966792971  1.1927431102054056  -1.8199313660481964  36
8  -1.3643011956492206  -0.9816178153285566  1.0897657320980008  -2.3178887799753367  36
8  -1.4138497662857816  -1.0008852480105894  0.9609317795071012  -2.8552636170062953  36
8  -1.4643907864934904  -1.0213965271591179  0.8042132230281586  -3.434529253007879  36
8  -1.5159906441814515  -1.043329912336818  0.6174484283674544  -4.0585868323628915  36
8  -1.5687252011100334  -1.0668884448681188  0.39831911574712986  -4.730838234900711  36
9  0.2617993877991494  0.0  0.0  0.0  36
9  0.26202770139720777  0.009131961538830169  -0.0014404533447674279  -0.05760616180206382  36
9  0.26271288446455804  0.018285865553024028  -0.005764126163029817  -0.11544987654148203  36
9  0.26385658766132064  0.027483798389178908  -0.012988933673450182  -0.17377141747294608  36
9  0.26546156274095734  0.03674767384985204  -0.02314472954164562  -0.23280703359207722  36
9  0.26753165171189913  0.04609914271938015  -0.03627305329714901  -0.2927868565681607  36
9  0.27007177135719596  0.05555949665890419  -0.05242677087620699  -0.3539327018257342  36
9  0.273087892786606  0.06514956477721381  -0.07166960216371004  -0.4164557315623354  36
9  0.2765870156147057  0.07488960136521942  -0.09407552786199573  -0.4805539505730587  36
9  0.2805771362883003  0.08479916352724197  -0.11972806664834519  -0.5464095099454095  36
9  0.28506721003012864  0.0948969777631682  -0.14871941245696638  -0.6141857991943607  36
9  0.2900671058276496  0.1052007949637628  -0.18114942090610897  -0.6840243144448905  36
9  0.29558755388022984  0.11572723378843257  -0.21712443346863555  -0.7560412990483686  36
9  0.3016400849305339  0.12649161300980213  -0.25675592804688896  -0.8303241637176478  36
9  0.30823696095192676  0.13750777413787058  -0.3001589852597043  -0.9069277059944818  36
9  0.31539109674896937  0.14878789647721055  -0.3474505610839511  -0.9858701636252032  36
9  0.3231159721580977  0.16034230771360555  -0.398747558614993  -1.0671291530656466  36
9  0.33142553471504554  0.17217929414991323  -0.45416469470784526  -1.150637562509835  36
9  0.3403340928878061  0.18430491577869484  -0.5138121611981222  -1.236279487934334  36
9  0.3498562002600393  0.19672283243888  -0.5777930853066315  -1.323886319779075  36
9  0.36000653138790223  0.20943414828597506  -0.6462007996791395  -1.4132331058478564  36
9  0.37079975043748176  0.2224372826245427  -0.7191159392113777  -1.5040353313165515  36
9  0.3822503741298932  0.23572787570973913  -0.7966033891854711  -1.5959462676545926  36
9  0.3943726309610618  0.2492987383172718  -0.8787091170330636  -1.6885550469330253  36
9  0.4071803191023634  0.2631398536072959  -0.9654569278833975  -1.7813856145762565  36
9  0.42068666580098907  0.2772384389823838  -1.0568451915039163  -1.8738967005219211  36
9  0.4349041914557524  0.2915790742078285  -1.152843594778552  -1.9654829248821661  36
9  0.44984458181391435  0.3061439000139773  -1.2533899789370961  -2.0554771191968637  36
9  0.4655185718870546  0.3209128887820573  -1.3583873237943116  -2.1431538988570042  36
9  0.48193584519257127  0.3358641858389757  -1.4677009417837008  -2.227734468001352  36
9  0.499104951772778  0.3509745165299122  -1.5811559421981312  -2.3083925780471075  36
9  0.5170332481169119  0.3662196508333217  -1.6985350205700651  -2.3842614989166964  36
9  0.5357268616166416  0.3815749141015544  -1.8195766195476508  -2.4544418025888093  36
9  0.5551906815409599  0.39701572983178834  -1.943973496202429  -2.518009706705599  36
9  0.5754283777535928  0.4125181784535762  -2.071371716936043  -2.5740256861774036  36
9  0.5964424475590699  0.42805955516228766  -2.2013700857467113  -2.621543036726604  36
9  0.6182342902044706  0.4436189099494623  -2.333519995436573  -2.659616068404195  36
9  0.6408043077382272  0.45917755419748385  -2.467325675329367  -2.6873076198765125  36
9  0.6641520301890228  0.4747195204276842  -2.602244794149433  -2.7036956144683044  36
9  0.6882762624235905  0.4902319648344139  -2.7376893637061555  -2.707878423633453  36
9  0.7131752496076509  0.5057055058490886  -2.873026878566939  -2.6989788584699546  36
9  0.7388468579508409  0.5211344958668235  -3.0075816193828406  -2.6761466700918195  36
9  0.7652887673707753  0.5365172271419626  -3.140636043087958  -2.6385594999363713  36
9  0.7924986728556358  0.551856076457836  -3.271432181704476  -2.585422276637946  36
9  0.8204744916193583  0.567157596298906  -3.399172972604543  -2.515965103005989  36
9  0.8492145736006372  0.5824325627723846  -3.523023446291097  -2.4294397121077735  36
9  0.8787179134241778  0.5976959923920768  -3.6421117024355096  -2.325114593901053  36
9  0.9089843625869427  0.6129671410734051  -3.7555296103749987  -2.2022689028654874  36
9  0.9400148413234702  0.6282694993799116  -3.862333175856681  -2.060185253156554  36
9  0.971811550318151  0.6436307983374147  -3.961542520893032  -1.8981414921108628  36
9  1.0043781831514917  0.6590830401500282  -4.05214142761058  -1.7154015169531083  36
9  1.0377201410831176  0.6746625680838558  -4.13307639945361  -1.5112051647985716  36
9  1.0718447524865846  0.6904101898040534  -4.203255193643728  -1.2847571637725455  36
9  1.1067614999687674  0.7063713687314915  -4.261544777044569  -1.0352150840825733  36
9  1.1424822589469432  0.7225964986959676  -4.306768653215683  -0.7616761723626913  36
9  1.1790215522454845  0.7391412784749058  -4.337703501129486  -0.4631628899945489  36
9  1.2163968261457432  0.7560672049014185  -4.353075055390344  -0.13860690497456574  36
9  1.254628754321234  0.7734422063092233  -4.3515531433618255  0.21316879515769588  36
9  1.2937415772706686  0.7913414424019168  -4.331745775756959  0.5934700983034822  36
9  1.333763486292543  0.8098483025032573  -4.292192163151106  1.0037548154369718  36
9  1.3747270628132593  0.8290556419704187  -4.231354500433102  1.445659267100941  36
9  1.4166697860957338  0.8490673068719705  -4.147608322945985  1.9210292706092793  36
9  1.4596346251574683  0.8700000105631254  -4.039231190034628  2.4319566104889034  36
9  1.5036707342975322  0.891985643485722  -3.9043893913489995  2.980822354432435  36
9  1.5488342762066647  0.9151741206396792  -3.7411222951985375  3.5703487335105524  36
10  0.0  0.0  -10.0  10.0  36
10  -0.00022375  -0.0089495525  -9.495525  10.17899105  36
10  -0.0008953668852616479  -0.017931132708592375  -8.982095406895244  10.35840310067221  36
10  -0.0020172750524342087  -0.026977676634351817  -8.459679202766388  10.538674849948663  36
10  -0.003593547420223913  -0.036122212013215374  -7.92822242593502  10.720245462517955  36
10  -0.005629911102460585  -0.04539789776777489  -7.387649143057241  10.903554678635368  36
10  -0.008133754822624526  -0.054838052187276116  -6.837861420050254  11.089042714789644  36
10  -0.011114137401680754  -0.06447616545744504  -6.2787393041762325  11.277149875916045  36
10  -0.014581796421255198  -0.07434589165725741  -5.710140833823861  11.468315789728937  36
10  -0.01854915590577341  -0.08448101471305047  -5.131902097253369  11.662978162579446  36
10  -0.0230303315747552  -0.09491538207608528  -4.543837366902748  11.861570943322755  36
10  -0.028041131885705298  -0.10568279909676653  -3.945739341868779  12.064521767509301  36
10  -0.033599052716455476  -0.116816876253334  -3.3373795379230544  12.272248539599001  36
10  -0.03972326312370731  -0.12835082062484526  -2.7185088718973267  12.485154997058192  36
10  -0.04643457916639095  -0.1403171623791317  -2.0888584953985703  12.703625088909483  36
10  -0.05375542230875629  -0.15274740671765935  -1.4481409414115878  12.928015995043502  36
10  -0.06170975843749558  -0.1656716018707009  -0.796051656092201  13.158649614698037  36
10  -0.07032301306909268  -0.1791178146121959  -0.13227099643393292  13.39580236725628  36
10  -0.07962195793104011  -0.1931115066639247  0.5435332182466436  13.639693181192621  36
10  -0.08963456383289914  -0.20767480863012266  1.2317025079559396  13.890469603735529  36
10  -0.10038981467801661  -0.2228256931170699  1.9325837921671485  14.148192051212515  36
10  -0.11191747770028423  -0.23857705579625824  2.646524617461435  14.412816344357495  36
10  -0.12424782565489079  -0.25493572261683584  3.3738674725024347  14.684174838754652  36
10  -0.1374113078687732  -0.2719014132115869  4.114943130376154  14.961956669251755  36
10  -0.151438168882257  -0.28946570447661685  4.8700629899845564  15.245687873898278  36
10  -0.1663580159798184  -0.30761105354597595  5.639510432980999  15.534712434423021  36
10  -0.18219934025269643  -0.32630995449705147  6.423531271447794  15.828175541983784  36
10  -0.19898899990818897  -0.3455243159648922  7.222323433384631  16.125010631845708  36
10  -0.2167516791640525  -0.36520515461558917  8.036026115182693  16.423931880044794  36
10  -0.23550934091230266  -0.38529269895251683  8.864708717003047  16.72343386307205  36
10  -0.2552806959133653  -0.40571698617924096  9.708359959887982  17.021799894131895  36
10  -0.27608071495926323  -0.4263990097221694  10.566877651542818  17.31712012773464  36
10  -0.29792021252325807  -0.4472524362541332  11.440059608698446  17.607319860260052  36
10  -0.3208055302356012  -0.4681858609934774  12.327596246021535  17.890197584388456  36
10  -0.3447383456209801  -0.48910551396533936  13.22906529596006  18.163471367981796  36
10  -0.36971562576783024  -0.5099182756335868  14.143929027620123  18.42483115654472  36
10  -0.39572973727911526  -0.530534816955005  15.071534190265323  18.6719938007011  36
10  -0.4227687137487007  -0.5508726549033336  16.011114730919214  18.902757135285622  36
10  -0.450816671264468  -0.5708589154572881  16.96179714520366  19.115049387711995  36
10  -0.47985435239255486  -0.5904326230525759  17.92260813892894  19.306970597717672  36
10  -0.5098597710137567  -0.6095463846433676  18.892484127330828  19.476823529348934  36
10  -0.5408089252162084  -0.6281673996890251  19.870281996483126  19.623132616004344  36
10  -0.5726765436632443  -0.6462777942349631  20.854790506423278  19.744650625592495  36
10  -0.6054368323749247  -0.6638743376741552  21.844741727764724  19.840353790189717  36
10  -0.6390641931373933  -0.6809676470178272  22.838821964608208  19.909426974936043  36
10  -0.6735338909278351  -0.6975810114699242  23.8356817123319  19.951240986261563  36
10  -0.7088226548464727  -0.7137489794914794  24.833944312955644  19.965324326354505  36
10  -0.7449092041850337  -0.729515844107127  25.83221308767478  19.951331628610692  36
10  -0.7817746977362662  -0.7449341444934655  26.829076833338103  19.90901072986212  36
10  -0.8194031098198757  -0.7600632779487431  27.823113658746244  19.838169932570093  36
10  -0.8577815405769684  -0.7749682907206492  28.81289320351034  19.73864656035159  36
10  -0.8969004708843413  -0.7897188923192483  29.79697732618473  19.610277472415344  36
10  -0.9367539739209938  -0.8043887180540797  30.773919371292145  19.452871814926354  36
10  -0.9773398962200595  -0.8190548496490839  31.742262129908674  19.266185968480734  36
10  -1.0186600212246288  -0.8337975940765007  32.700534599362896  19.049900403643946  36
10  -1.0607202281910366  -0.8487005158307864  33.647247627838496  18.803597973172852  36
10  -1.1035306589744265  -0.8638507170928755  34.58088850217158  18.526743036350766  36
10  -1.1471059049792984  -0.8793393629295294  35.4999145040277  18.218660711480428  36
10  -1.1914652265195433  -0.8952624542563937  36.40274542220336  17.878515470296453  36
10  -1.2366328171406173  -0.9117218593897841  37.287754967467514  17.505288206889713  36
10  -1.282638126230247  -0.9288266254922833  38.15326099080734  17.09775081864111  36
10  -1.3295162546027641  -0.9466946042275244  38.99751435510519  16.65443721318036  36
10  -1.3773084398197404  -0.965454441923087  39.81868625236709  16.173609488903278  36
10  -1.426062650969814  -0.9852480042622856  40.614853691119364  15.653217811428542  36
10  -1.475834316684043  -1.006233330107987  41.38398279813757  15.090852206942193  36
10  -1.5266872155860214  -1.0285882400252975  42.12390948098141  14.483684095541854  36
